# This file was produced by samtools stats (1.21+htslib-1.21) and can be plotted using plot-bamstats
# This file contains statistics for all reads.
# The command line was:  stats ../sequenceFile/my_aln_sorted.filtered.bam
# CHK, Checksum	[2]Read Names	[3]Sequences	[4]Qualities
# CHK, CRC32 of reads which passed filtering followed by addition (32bit overflow)
CHK	70508282	7ba76387	9def5b80
# Summary Numbers. Use `grep ^SN | cut -f 2-` to extract this part.
SN	raw total sequences:	1050657	# excluding supplementary and secondary reads
SN	filtered sequences:	0
SN	sequences:	1050657
SN	is sorted:	1
SN	1st fragments:	525403
SN	last fragments:	525254
SN	reads mapped:	1050657
SN	reads mapped and paired:	1050657	# paired-end technology bit set + both mates mapped
SN	reads unmapped:	0
SN	reads properly paired:	1050657	# proper-pair bit set
SN	reads paired:	1050657	# paired-end technology bit set
SN	reads duplicated:	0	# PCR or optical duplicate bit set
SN	reads MQ0:	0	# mapped and MQ=0
SN	reads QC failed:	0
SN	non-primary alignments:	0
SN	supplementary alignments:	6
SN	total length:	130386479	# ignores clipping
SN	total first fragment length:	64613269	# ignores clipping
SN	total last fragment length:	65773210	# ignores clipping
SN	bases mapped:	130386479	# ignores clipping
SN	bases mapped (cigar):	127320270	# more accurate
SN	bases trimmed:	0
SN	bases duplicated:	0
SN	mismatches:	4288514	# from NM fields
SN	error rate:	3.368288e-02	# mismatches / bases mapped (cigar)
SN	average length:	124
SN	average first fragment length:	123
SN	average last fragment length:	125
SN	maximum length:	151
SN	maximum first fragment length:	151
SN	maximum last fragment length:	151
SN	average quality:	35.6
SN	insert size average:	156.8
SN	insert size standard deviation:	28.5
SN	inward oriented pairs:	516459
SN	outward oriented pairs:	8808
SN	pairs with other orientation:	0
SN	pairs on different chromosomes:	0
SN	percentage of properly paired reads (%):	100.0
# First Fragment Qualities. Use `grep ^FFQ | cut -f 2-` to extract this part.
# Columns correspond to qualities and rows to cycles. First column is the cycle number.
FFQ	1	0	0	41	0	0	0	0	0	0	0	0	0	0	0	315	4851	4923	903	5330	3167	3934	26	0	0	0	0	0	0	0	1424	696	43	19178	24339	12390	7052	5430	45424	54549	331388	0	0
FFQ	2	0	0	54	0	0	0	0	0	0	0	0	0	0	0	129	4921	1309	285	9993	280	4656	205	0	0	0	0	0	0	0	820	559	227	16379	26665	14729	6910	4776	48628	64514	319364	0	0
FFQ	3	0	0	28	0	0	0	0	0	0	0	0	0	0	0	256	5650	3055	5076	8158	259	6626	106	0	0	0	0	0	0	0	1077	578	225	22424	23805	19895	11961	8714	44782	69360	293368	0	0
FFQ	4	0	0	69	0	0	0	0	0	0	0	0	0	0	0	47	4727	1622	4330	5154	27	934	2779	0	0	0	0	0	0	0	637	778	554	15415	25591	14329	7434	4601	49245	65166	321964	0	0
FFQ	5	0	0	10	0	0	0	0	0	0	0	0	0	0	0	163	7740	1154	6454	8989	167	2925	6287	0	0	0	0	0	0	0	694	260	116	21275	26925	19481	7468	5055	57368	67114	285758	0	0
FFQ	6	0	0	58	0	0	0	0	0	0	0	0	0	0	0	228	5589	1381	6276	3920	282	5176	112	0	0	0	0	0	0	0	189	46	86	11838	10418	12335	11994	8412	76018	73217	297828	0	0
FFQ	7	0	0	54	0	0	0	0	0	0	0	0	0	5	0	104	4996	7466	5986	791	4277	1277	48	0	0	0	0	0	0	0	31	47	217	8454	12928	14825	3369	4733	84495	74543	296757	0	0
FFQ	8	0	0	26	0	0	0	0	0	0	0	0	0	4	0	663	4854	6958	4345	4811	630	152	1	0	0	0	1	0	2	0	32	465	249	10623	12319	15307	2777	7160	80823	74367	298834	0	0
FFQ	9	0	0	30	0	0	0	0	0	0	0	0	0	3	1	817	8373	8993	2600	13048	157	163	2	0	0	0	1	0	0	0	48	90	329	8629	18224	22366	1084	4913	89406	76318	269808	0	0
FFQ	10	0	0	4	0	0	0	0	0	0	0	0	0	0	4	1408	10124	1338	8749	645	56	118	0	0	0	0	0	0	4	0	433	3583	543	22091	19824	19726	7275	18697	62543	250494	97744	0	0
FFQ	11	0	0	1	0	0	0	0	0	0	0	0	0	0	4	1344	12708	1186	9009	310	44	64	0	0	0	0	0	0	2	0	1352	3078	135	26889	15324	18258	7053	26699	49420	204910	147613	0	0
FFQ	12	0	0	0	0	0	0	0	0	0	0	0	0	1	0	707	9346	1019	4390	3683	22	138	0	0	0	0	0	0	1	0	793	364	206	17873	26249	15848	742	5959	55053	59394	323615	0	0
FFQ	13	0	0	4	0	0	0	0	0	0	0	0	0	1	0	1118	9134	4676	4667	2684	406	105	0	0	0	1	0	0	0	0	1	89	0	8854	11732	12858	2801	5960	50873	84031	325408	0	0
FFQ	14	0	0	1	0	0	0	0	0	0	0	0	0	2	0	5409	831	7673	4617	2347	244	2494	0	0	0	0	0	0	1	0	2	79	0	11708	9992	14415	9962	9182	46073	96462	303909	0	0
FFQ	15	0	0	2	0	0	0	0	0	0	0	0	0	3	1	757	4960	8663	414	8027	38	1780	0	0	0	0	0	2	4	0	5	51	0	5629	15850	9189	2924	10772	54481	95673	306178	0	0
FFQ	16	0	0	3	0	0	0	0	0	0	0	0	0	5	0	299	241	10306	5842	312	278	15708	0	0	0	1	1	1	1	0	2	54	1	6005	18604	4925	10570	10859	62509	97250	281626	0	0
FFQ	17	0	0	2	0	0	0	0	0	0	0	0	0	2	1	390	296	18689	632	4671	336	8216	1	0	0	0	0	8	1	0	3	67	0	5783	16334	3939	8828	14336	60276	100557	282035	0	0
FFQ	18	0	0	0	0	0	0	0	0	0	0	0	0	9	0	383	5066	10022	6060	7728	470	875	0	0	0	2	2	0	1	0	0	44	11	6850	18091	7411	3955	12966	59975	93932	291550	0	0
FFQ	19	0	0	0	0	0	0	0	0	0	0	0	0	9	2	362	6805	4350	4716	3746	295	520	1	0	0	2	0	1	2	0	3	21	7	6599	15753	7159	870	8321	52292	92072	321495	0	0
FFQ	20	0	0	0	0	0	0	0	0	0	0	0	0	9	1	634	3264	8779	3955	5701	111	1681	0	0	0	1	2	3	2	0	6	63	7	5918	14364	6420	3613	9519	53602	82195	325553	0	0
FFQ	21	0	0	1	0	0	0	0	0	0	0	0	0	8	3	4881	823	8339	3878	4244	771	1198	0	0	0	3	0	0	0	0	3	106	1	11069	11777	7751	2639	21181	49146	85385	312196	0	0
FFQ	22	0	0	2	0	0	0	0	0	0	0	0	0	6	4	3404	588	8282	2518	3702	152	2643	1	0	0	2	0	3	1	0	11	204	3	9636	11986	6355	2535	23273	67357	175349	207386	0	0
FFQ	23	0	0	3	0	0	0	0	0	0	0	0	0	6	3	14503	4159	5039	6303	2304	672	314	6	0	0	2	0	0	1	0	14	3665	5	17686	6520	13952	705	47273	37013	162695	202560	0	0
FFQ	24	0	0	2	0	0	0	0	0	0	0	0	0	9	8	7241	5321	8136	674	8899	416	440	9	0	0	1	0	0	1	0	77	1523	1	16219	15690	7002	3137	42261	54199	146727	207410	0	0
FFQ	25	0	0	2	0	0	0	0	0	0	0	0	0	4	3	4731	2606	8363	334	5313	325	386	18	0	0	3	2	4	2	0	44	2576	17	11850	12285	7643	4291	30814	49264	158087	226436	0	0
FFQ	26	0	0	1	0	0	0	0	0	0	0	0	0	14	3	7795	7326	3058	4638	598	959	228	15	0	0	0	0	2	5	0	175	7678	46	15145	5289	16942	3964	37386	39188	214210	160738	0	0
FFQ	27	0	0	3	0	0	0	0	0	0	0	0	0	12	5	9078	1545	10767	3422	7013	426	673	39	0	0	2	0	0	3	0	349	8889	29	15652	12366	15100	9378	37553	46695	206434	139970	0	0
FFQ	28	0	0	2	0	0	0	0	0	0	0	0	0	15	4	5700	1065	12769	527	7974	397	1369	33	0	0	4	0	0	1	0	162	138	44	11084	14752	8534	1275	16089	53897	81192	308328	48	0
FFQ	29	0	0	4	0	0	0	0	0	0	0	0	0	28	3	6120	1487	15169	734	5569	675	7592	23	0	0	3	0	2	73	0	599	246	60	13857	17864	6224	5228	21963	61049	79304	271662	9865	0
FFQ	30	0	0	4	0	0	0	0	0	0	0	0	0	71	5	5184	11131	7541	3763	1458	272	302	289	0	0	7	1	1	44	0	226	2794	59	20213	7289	13018	972	32575	55625	123083	239393	83	0
FFQ	31	0	0	5	0	0	0	0	0	0	0	0	0	17	14	6600	1515	12514	493	496	244	7403	2	0	0	4	1	12	35	0	371	1135	25	16175	12725	3973	8212	43021	50903	118144	231608	9756	0
FFQ	32	0	0	4	0	0	0	0	0	0	0	0	0	16	29	7866	1557	12914	392	756	516	5864	8	0	0	10	1	6	30	0	397	6135	18	14030	8250	6687	13388	42306	44512	203211	156287	213	0
FFQ	33	0	0	1	0	0	0	0	0	0	0	0	0	48	66	8341	3544	10957	982	5852	716	314	5	0	0	3	0	4	25	0	342	5117	144	15300	10211	11624	3977	47061	42205	205866	152698	0	0
FFQ	34	0	0	5	0	0	0	0	0	0	0	0	0	21	13	6085	2664	9440	513	3963	23	1034	9	0	0	8	0	4	65	3	393	4188	370	12300	9701	10779	3391	39787	40282	223016	157346	0	0
FFQ	35	0	0	2	0	0	0	0	0	0	0	0	0	56	6	5226	2847	6868	997	879	14	3295	10	0	0	7	7	9	81	4	513	3819	754	11999	6121	7849	9916	36281	37915	224190	165736	2	0
FFQ	36	0	0	6	0	0	0	0	0	0	0	0	0	106	13	7441	5835	2530	3569	225	8	2573	2	0	0	7	8	10	32	1	2099	5004	2750	7512	5792	12163	5324	30144	39024	154294	238931	0	0
FFQ	37	0	0	6	0	0	0	0	0	0	0	0	0	73	16	5159	831	4650	5196	262	2	5910	2	0	0	5	34	17	10	0	1840	3339	81	9377	8926	4726	8379	35891	57078	220285	153308	0	0
FFQ	38	0	0	3	0	0	0	0	0	0	0	0	0	27	113	8731	5910	3585	5447	340	3	4740	2	0	0	8	24	9	11	2	3218	6503	2648	6203	7504	11534	8529	37375	40550	211861	160523	0	0
FFQ	39	0	0	2	0	0	0	0	0	0	0	0	0	25	61	4807	3024	8715	6558	3964	1	7918	3	0	0	9	25	13	41	1	2544	5310	197	8268	15291	4515	8632	18989	57672	67621	301197	0	0
FFQ	40	0	0	1	0	0	0	0	0	0	0	0	0	18	35	8124	860	13234	905	1035	4	6453	0	0	0	4	28	23	23	1	2005	3980	53	12562	9484	5916	6760	30721	73250	113500	236424	0	0
FFQ	41	0	0	1	0	0	0	0	0	0	0	0	0	27	28	1202	4153	5033	4747	9069	2	4586	0	0	0	5	14	12	22	0	2079	2389	869	4339	18164	4313	9068	16364	64274	72320	302323	0	0
FFQ	42	0	0	1	0	0	0	0	0	0	0	0	0	30	46	6959	676	13532	1152	6455	1	1888	0	0	0	5	37	13	28	0	1850	3640	1236	8367	12421	10189	1966	23671	55473	75091	300676	0	0
FFQ	43	0	0	1	0	0	0	0	0	0	0	0	0	40	49	1357	438	12059	1314	1891	419	8609	0	0	0	5	30	52	39	2	418	476	2863	3849	14782	1311	12993	14104	64783	81753	301766	0	0
FFQ	44	0	0	1	0	0	0	0	0	0	0	0	0	159	70	1247	4961	8846	1486	2514	40	7770	0	0	0	3	51	29	33	1	944	869	2134	4350	12187	3242	9938	10262	55221	66160	332885	0	0
FFQ	45	0	0	3	0	0	0	0	0	0	0	0	0	67	132	10391	1826	5250	720	3806	27	724	0	0	0	25	46	65	80	2	7279	5045	4207	3978	7322	11002	4190	48671	38080	209670	162795	0	0
FFQ	46	0	0	2	0	0	0	0	0	0	0	0	0	62	32	10793	1330	5921	1243	503	2	1669	0	0	0	25	46	46	73	5	3696	7902	3627	8206	3907	14447	5993	62263	26887	355378	11345	0	0
FFQ	47	0	0	1	0	0	0	0	0	0	0	0	0	133	113	9704	1191	4394	954	471	1	809	0	0	0	23	46	35	59	5	3719	4125	3724	7686	3580	12798	1061	43291	25563	226612	175305	0	0
FFQ	48	0	0	0	0	0	0	0	0	0	0	0	0	87	63	13547	848	9128	557	283	317	338	0	0	0	40	67	50	44	11	3175	9928	2621	9688	2858	12864	8473	53956	25829	356969	13662	0	0
FFQ	49	0	0	1	0	0	0	0	0	0	0	0	0	103	126	11854	3096	6795	877	641	2	479	0	0	0	31	41	25	44	1	3741	6316	2689	11823	2468	14066	1238	56163	25103	269018	108662	0	0
FFQ	50	0	0	1	0	0	0	0	0	0	0	0	0	75	91	9596	7691	6630	343	639	8	705	0	0	0	50	42	60	114	15	3707	8073	3184	9902	4304	18866	1249	47365	35752	269605	97336	0	0
FFQ	51	0	0	0	0	0	0	0	0	0	0	0	0	61	33	6058	384	8051	948	3151	32	658	0	0	0	44	24	36	46	23	2305	6528	1734	5592	7309	7147	6820	39653	38322	273012	117429	0	0
FFQ	52	0	0	0	0	0	0	0	0	0	0	0	0	63	74	5170	1845	11608	1350	2459	60	682	0	0	0	55	29	38	43	5	2472	6290	1734	4340	9767	9248	6857	27205	44165	200769	189067	0	0
FFQ	53	0	0	1	0	0	0	0	0	0	0	0	0	39	91	4986	1869	8720	4297	2575	793	737	0	0	0	51	22	42	39	7	2353	5382	1444	5832	7805	7151	5567	32198	43476	204747	185170	0	0
FFQ	54	0	0	0	0	0	0	0	0	0	0	0	0	48	88	4150	7644	6683	807	5240	46	825	0	0	0	62	43	60	129	6	2484	5885	765	6685	10496	10072	4348	24952	49794	165240	218835	0	0
FFQ	55	0	0	0	0	0	0	0	0	0	0	0	0	59	101	5813	3951	5855	8560	556	143	6688	0	0	0	56	21	86	90	3	1665	2832	2739	5591	13874	6188	6656	24839	60047	80989	287984	0	0
FFQ	56	0	0	0	0	0	0	0	0	0	0	0	0	75	161	6072	5816	8091	8627	1551	266	6545	0	0	0	72	18	42	84	1	2676	4966	2914	2801	13556	5042	9173	32681	59220	116754	238178	0	0
FFQ	57	0	0	0	0	0	0	0	0	0	0	0	0	58	121	3619	6042	9258	2624	6560	22	839	0	0	0	46	27	59	177	3	3203	5844	2923	2360	17445	5485	7505	27379	60162	130424	233194	0	0
FFQ	58	0	0	0	0	0	0	0	0	0	0	0	0	80	130	4479	6393	9436	420	15804	31	348	0	0	0	72	41	57	185	0	2693	2881	2363	3598	18419	7492	3191	23342	59309	77587	286517	507	0
FFQ	59	0	0	0	0	0	0	0	0	0	0	0	0	66	128	1372	11009	11582	6519	4524	175	832	0	0	0	75	21	56	133	4	2424	3246	2211	7013	13687	7156	3772	14697	62808	75609	295702	552	0
FFQ	60	0	0	1	0	0	0	0	0	0	0	0	0	57	97	1034	7052	6573	706	5436	5245	334	0	0	0	60	13	44	76	14	2546	2630	1774	2210	20085	6236	3956	14072	64978	77677	302449	16	0
FFQ	61	0	0	0	0	0	0	0	0	0	0	0	0	42	116	5585	675	12393	3023	3240	5299	1875	0	0	0	59	14	60	70	4	833	1288	3473	4477	15097	3853	6054	23128	53491	79017	301663	535	0
FFQ	62	0	0	1	0	0	0	0	0	0	0	0	0	113	43	7240	1006	10060	3507	12637	642	1240	0	0	0	70	24	60	170	12	1169	1950	4756	3955	15411	4635	5522	20328	52735	72328	305723	20	0
FFQ	63	0	0	0	0	0	0	0	0	0	0	0	0	78	138	1745	6019	10897	4178	6470	10041	1001	0	0	0	80	27	61	240	11	1663	2306	3772	940	22224	3930	7389	14555	66661	73768	287157	3	0
FFQ	64	0	0	1	0	0	0	0	0	0	0	0	0	72	137	1318	7280	10897	646	11523	6550	568	0	0	0	85	19	60	227	6	1919	2437	3926	3303	17553	5892	5012	13142	63860	72390	296528	0	0
FFQ	65	0	0	0	0	0	0	0	0	0	0	0	0	54	93	5518	1111	10817	743	16787	4214	505	0	0	0	78	18	82	338	2	2670	5627	4031	2994	19714	6138	6559	36001	64199	127387	209665	2	0
FFQ	66	0	0	0	0	0	0	0	0	0	0	0	0	81	244	23587	4849	11123	332	1144	4130	227	0	0	0	82	21	43	403	3	4914	18422	1444	8367	6345	9958	4853	41000	48967	129099	205708	0	0
FFQ	67	0	0	0	0	0	0	0	0	0	0	0	0	107	115	10904	13204	5291	468	4931	161	208	0	0	0	82	43	43	546	3	6603	7033	3617	5936	14501	13162	2273	29136	61831	129054	216090	0	0
FFQ	68	0	0	0	0	0	0	0	0	0	0	0	0	43	146	10739	4618	11789	5104	3070	195	135	0	0	0	75	27	55	570	3	5189	11326	240	5826	14531	9956	3999	39575	56402	109286	232441	1	0
FFQ	69	0	0	1	0	0	0	0	0	0	0	0	0	76	175	15404	8434	4374	369	5037	69	101	0	0	0	76	25	85	876	5	8031	7279	4510	5216	9308	12636	432	42763	51221	108542	240289	6	0
FFQ	70	0	0	0	0	0	0	0	0	0	0	0	0	67	106	10079	2050	5744	1402	2693	979	140	0	0	0	88	15	58	334	7	4719	9796	564	4588	11748	5997	4798	38174	54180	119555	247451	3	0
FFQ	71	0	0	1	0	0	0	0	0	0	0	0	0	60	60	2199	9002	9790	4323	11043	89	286	0	0	0	83	24	75	787	4	1893	2951	1488	822	26927	9128	1271	16471	65996	79242	281313	3	0
FFQ	72	0	0	1	0	0	0	0	0	0	0	0	0	53	57	1862	8726	16128	2742	9667	814	135	0	0	0	68	31	56	1735	2	2437	5251	2041	3644	28355	7512	3789	13399	65452	75051	276319	0	0
FFQ	73	0	0	2	0	0	0	0	0	0	0	0	0	44	36	1521	14493	3135	4350	5785	583	244	0	0	0	66	32	84	1560	7	2553	4630	862	2280	30595	9727	906	13316	68672	76009	283804	0	0
FFQ	74	0	0	0	0	0	0	0	0	0	0	0	0	68	62	12860	4768	10988	8547	6696	812	100	0	0	0	83	37	77	2092	5	3083	10800	945	6057	18679	9326	9159	29951	57264	138303	194502	0	0
FFQ	75	0	0	0	0	0	0	0	0	0	0	0	0	49	48	3685	10862	15320	1571	7924	541	850	0	0	0	74	11	72	2333	2	1532	8908	648	4820	23783	7145	4165	15844	74282	127939	212850	0	0
FFQ	76	0	0	0	0	0	0	0	0	0	0	0	0	50	54	12956	2486	14566	1240	5587	3682	402	0	0	0	76	18	56	1434	0	2534	10230	693	5600	14966	7351	4834	26114	61771	129648	218901	0	0
FFQ	77	0	0	1	0	0	0	0	0	0	0	0	0	61	60	11893	916	17788	848	8243	598	438	0	0	0	99	29	100	2717	8	1470	11514	2016	5266	12353	8691	7459	33818	49252	140143	209458	0	0
FFQ	78	0	0	0	0	0	0	0	0	0	0	0	0	81	75	12279	6175	6164	5992	4029	4754	360	0	0	0	90	22	107	1850	5	1458	6533	2008	4959	15738	8380	2753	22815	54320	71321	292965	0	0
FFQ	79	0	0	1	0	0	0	0	0	0	0	0	0	99	65	8590	1368	14468	1482	10957	1434	384	0	0	0	61	16	59	992	8	2139	6851	1916	5081	12033	4862	5860	23741	48950	70875	302933	0	0
FFQ	80	0	0	1	0	0	0	0	0	0	0	0	0	51	33	4195	8946	15042	1204	8881	738	86	0	0	0	76	15	94	1736	3	1270	4377	1783	5335	15494	8520	2119	13236	59320	72037	300629	0	0
FFQ	81	0	0	1	0	0	0	0	0	0	0	0	0	44	46	11471	7879	5337	777	13547	468	353	0	0	0	79	16	42	2539	5	2583	12803	562	5543	13914	13782	12256	32930	53859	171044	163325	0	0
FFQ	82	0	0	0	0	0	0	0	0	0	0	0	0	112	125	17971	3938	5649	559	7426	116	73	0	0	0	78	19	60	4028	3	6501	11830	5970	1196	19444	28575	6955	28617	50424	168047	157462	0	0
FFQ	83	0	0	2	0	0	0	0	0	0	0	0	0	158	134	16789	854	13731	1043	9461	761	64	0	0	0	119	46	103	3912	4	3955	11785	3797	3652	15915	19209	11175	28746	53832	167339	158587	0	0
FFQ	84	0	0	0	0	0	0	0	0	0	0	0	0	78	50	18233	1092	11007	579	8145	4612	117	0	0	0	104	35	78	3657	13	8717	8471	6707	429	17588	24143	10468	33753	50315	151265	165512	0	0
FFQ	85	0	0	1	0	0	0	0	0	0	0	0	0	75	43	14309	1244	13224	1199	13445	589	256	0	0	0	79	23	38	4208	12	4431	11441	3923	2580	17820	23096	12499	24906	52996	166056	156663	0	0
FFQ	86	0	0	1	0	0	0	0	0	0	0	0	0	83	18	8353	3352	6404	7740	11004	7118	339	0	0	0	115	32	121	2335	7	2909	7948	3495	434	21411	17291	11239	10416	57814	130489	214683	0	0
FFQ	87	0	0	2	0	0	0	0	0	0	0	0	0	60	45	2577	10682	9692	2801	3469	396	565	0	0	0	86	18	82	2909	17	1816	5557	2237	4069	16487	5815	7918	8681	63916	74789	300454	0	0
FFQ	88	0	0	1	0	0	0	0	0	0	0	0	0	70	118	17871	3216	6346	4034	1003	250	514	0	0	0	69	19	38	4152	10	2367	11707	2146	7370	10397	11032	21388	30658	51464	190618	148269	0	0
FFQ	89	0	0	0	0	0	0	0	0	0	0	0	0	103	66	16760	11890	6338	2709	952	228	146	0	0	0	83	12	61	2985	10	4969	13047	2322	8097	11042	8841	7191	44410	61450	83517	237879	0	0
FFQ	90	0	0	1	0	0	0	0	0	0	0	0	0	179	79	28330	3270	7206	1694	6260	1385	23	0	0	0	90	43	89	4053	15	5109	13849	9101	2555	12504	35429	8753	14926	58682	195625	115842	0	0
FFQ	91	0	0	0	0	0	0	0	0	0	0	0	0	222	43	19864	834	2511	6836	1194	6094	23	0	0	0	111	40	147	5768	26	5404	8589	8071	2635	15865	28760	13533	15141	56471	186868	140036	0	0
FFQ	92	0	0	0	0	0	0	0	0	0	0	0	0	268	92	25164	7968	4835	7231	1038	1546	22	0	0	0	100	30	82	5384	10	3798	12869	8230	4096	15391	33156	9559	16409	49710	134276	183805	0	0
FFQ	93	0	0	2	0	0	0	0	0	0	0	0	0	131	84	2168	9708	4843	14509	1367	2640	13	0	0	0	100	31	116	2973	47	3644	4728	4387	476	22821	8338	8662	10453	74042	80143	268641	0	0
FFQ	94	0	0	2	0	0	0	0	0	0	0	0	0	119	135	7562	1053	12931	8095	2829	14364	16	0	0	0	122	37	91	4522	28	1802	7002	9062	2834	16025	8164	6730	19008	67394	84166	250965	0	0
FFQ	95	0	0	2	0	0	0	0	0	0	0	0	0	117	144	4799	11140	17084	8642	1039	3659	10	0	0	0	129	38	81	6432	46	1392	7041	7682	4164	23505	9154	7549	12404	76056	81299	241444	0	0
FFQ	96	0	0	2	0	0	0	0	0	0	0	0	0	62	47	3653	4285	13684	4675	11118	1269	12	0	0	0	85	28	83	3467	45	3529	8243	6436	733	23109	4861	10839	11780	71372	85448	256171	0	0
FFQ	97	0	0	2	0	0	0	0	0	0	0	0	0	138	179	8533	4124	11262	6228	5209	5075	6	0	0	0	77	32	77	2993	78	2915	6300	5149	1136	17073	3473	10150	11183	66941	79467	277185	0	0
FFQ	98	0	0	1	0	0	0	0	0	0	0	0	0	78	110	2579	3975	16373	4044	4133	720	15	0	0	0	96	28	82	3626	60	2719	4370	4038	832	18025	4922	9566	11661	64122	76829	291975	0	0
FFQ	99	0	0	2	0	0	0	0	0	0	0	0	0	71	136	3162	2868	8371	3758	2239	1887	24	0	0	0	117	50	82	4053	13	1578	4847	3521	835	10282	7854	3700	8498	55403	72125	329474	9	0
FFQ	100	0	0	2	0	0	0	0	0	0	0	0	0	140	136	2350	4459	8883	5313	6003	4947	15	0	0	0	89	19	77	3596	28	960	3896	2388	612	15193	7078	5684	11665	61984	70529	308887	0	0
FFQ	101	0	0	4	0	0	0	0	0	0	0	0	0	192	181	2919	1221	11097	3661	1649	6507	4	0	0	0	105	27	78	3535	61	1881	4932	3817	1293	13488	7514	6640	9334	60029	77148	307589	0	0
FFQ	102	0	0	3	0	0	0	0	0	0	0	0	0	219	100	2527	8320	14267	4318	3540	4944	5	0	0	0	112	27	59	4804	76	1326	5326	2606	492	21663	12782	5677	14721	70108	82501	264328	0	0
FFQ	103	0	0	3	0	0	0	0	0	0	0	0	0	398	92	10773	8860	9084	2590	2528	5919	0	0	0	0	116	29	111	6557	86	1652	9657	2545	1479	13678	8228	8189	28408	61641	126651	215418	0	0
FFQ	104	0	0	6	0	0	0	0	0	0	0	0	0	252	450	21202	1080	7238	725	6083	554	0	0	0	0	112	27	93	8168	52	2986	14996	1164	6293	10286	9700	10589	33522	48666	104789	235633	0	0
FFQ	105	0	0	3	0	0	0	0	0	0	0	0	0	727	616	12968	3390	6143	2300	1562	1636	0	0	0	0	84	27	67	3817	46	1198	10176	1945	4361	15262	14204	19623	12155	54546	156980	200702	0	0
FFQ	106	0	0	4	0	0	0	0	0	0	0	0	0	1116	210	10997	973	5349	1782	2388	336	1	0	0	0	193	64	273	5901	87	4039	7727	6903	2057	12627	24621	11284	5400	50411	154400	215346	0	0
FFQ	107	0	0	6	0	0	0	0	0	0	0	0	0	1274	1066	15339	6014	7265	1257	11856	694	0	0	0	0	179	43	104	5561	111	1240	8710	1107	5168	22107	10282	5571	23311	78602	147501	169602	0	0
FFQ	108	0	0	5	0	0	0	0	0	0	0	0	0	2084	236	15380	1349	5470	2035	6971	1816	0	0	0	0	140	77	228	6119	53	4475	13774	12052	5625	12300	48409	17708	4061	47192	188078	128215	0	0
FFQ	109	0	0	6	0	0	0	0	0	0	0	0	0	815	3334	16602	1471	2992	7076	10983	563	0	0	0	0	122	72	110	4931	37	1413	11481	874	9900	14153	13753	19107	23751	66582	189698	123815	0	0
FFQ	110	0	0	6	0	0	0	0	0	0	0	0	0	551	953	3799	15269	5259	1709	5322	758	0	0	0	0	151	98	177	5403	57	2322	8786	1358	8743	17127	11371	8058	8805	71025	84523	261690	0	0
FFQ	111	0	0	5	0	0	0	0	0	0	0	0	0	536	430	4068	6861	12681	2957	3068	203	0	0	0	0	110	92	173	5548	106	2383	8986	2003	1220	25405	9724	10233	5518	64235	79566	276748	0	0
FFQ	112	0	0	6	0	0	0	0	0	0	0	0	0	2346	1600	8016	1499	8464	6003	4186	306	0	0	0	0	89	88	106	5170	47	2606	10254	1727	4186	18484	11725	18306	7275	63189	134330	212221	0	0
FFQ	113	0	0	4	0	0	0	0	0	0	0	0	0	2362	5728	10324	5768	4848	944	3254	229	0	0	0	0	153	120	147	6121	45	2242	8016	1244	7885	8461	16062	13630	15009	50530	133625	224757	0	0
FFQ	114	0	0	5	0	0	0	0	0	0	0	0	0	944	8361	10516	20583	2376	5074	6594	362	0	0	0	0	202	225	363	10227	168	4020	12657	1681	8806	17486	27171	26420	14250	69207	158325	115235	0	0
FFQ	115	0	0	3	0	0	0	0	0	0	0	0	0	595	1116	11797	7073	11725	4416	2637	138	0	0	0	0	178	205	259	10890	77	5794	9116	1407	6525	11981	20385	15054	9294	67610	123916	198820	0	0
FFQ	116	0	0	0	0	0	0	0	0	0	0	0	0	578	396	7200	5515	7231	2782	1337	137	0	0	0	0	110	122	206	8767	99	5970	6015	5230	1271	13816	30105	8328	6321	59679	130806	218666	0	0
FFQ	117	0	0	0	0	0	0	0	0	0	0	0	0	2530	11596	9410	17566	6311	1454	3623	101	0	0	0	0	116	162	115	11820	60	4193	4777	4301	4160	14747	28762	6693	18897	54667	128685	184394	0	0
FFQ	118	0	0	0	0	0	0	0	0	0	0	0	0	1108	1793	12527	15392	5004	690	1700	198	0	0	0	0	170	244	327	19451	132	10734	3861	8890	5863	19689	32663	15877	5684	59525	80028	216605	0	0
FFQ	119	0	0	0	0	0	0	0	0	0	0	0	0	1572	8732	8360	2158	12818	1005	1558	73	0	0	0	0	204	238	251	11854	100	3475	9797	1099	11751	8160	13138	28990	21702	49093	84486	231697	0	0
FFQ	120	0	0	0	0	0	0	0	0	0	0	0	0	785	2443	6456	14465	6477	797	1775	216	0	0	0	0	218	244	225	11129	645	3829	4454	1011	2642	10742	12942	5902	13997	59580	74986	269916	0	0
FFQ	121	0	0	0	0	0	0	0	0	0	0	0	0	181	172	2091	2059	8456	681	268	679	0	0	0	0	214	252	561	13641	5182	5533	12578	2188	684	13695	8773	16053	7688	82146	90915	198709	0	0
FFQ	122	0	0	1	0	0	0	0	0	0	0	0	0	127	185	1139	2059	5073	1035	273	1678	0	0	0	0	149	146	261	3498	2346	2684	1016	339	218	5298	1155	6831	2789	25822	31488	91605	0	0
FFQ	123	0	0	0	0	0	0	0	0	0	0	0	0	88	68	804	1193	915	928	238	392	0	0	0	0	107	177	367	12110	11033	10233	862	299	192	4314	1156	12428	1106	33171	33727	36567	0	0
FFQ	124	0	0	0	0	0	0	0	0	0	0	0	0	90	70	1543	472	714	510	163	274	0	0	0	0	47	12	43	548	155	1355	788	380	231	1182	935	746	4778	3640	11210	3924	0	0
FFQ	125	0	0	0	0	0	0	0	0	0	0	0	0	361	54	1522	403	588	346	155	126	0	0	0	0	55	15	40	696	41	484	988	466	259	885	1225	409	4077	3558	11352	3696	0	0
FFQ	126	0	0	0	0	0	0	0	0	0	0	0	0	91	53	4360	572	719	444	298	128	0	0	0	0	69	25	76	596	28	383	5751	318	377	865	971	380	1105	6976	3083	3199	0	0
FFQ	127	0	0	0	0	0	0	0	0	0	0	0	0	93	85	1789	595	844	382	436	111	0	0	0	0	49	17	41	717	5	405	3153	280	330	826	761	486	1537	6171	7488	4175	0	0
FFQ	128	0	0	0	0	0	0	0	0	0	0	0	0	149	271	1549	679	654	360	345	74	0	0	0	0	50	18	37	731	9	327	1065	261	486	1020	891	412	5049	4955	7129	4125	0	0
FFQ	129	0	0	0	0	0	0	0	0	0	0	0	0	109	92	2717	644	851	388	655	75	0	0	0	0	70	24	65	686	11	174	1529	252	551	923	1239	398	1763	3848	6024	7428	0	0
FFQ	130	0	0	0	0	0	0	0	0	0	0	0	0	189	127	983	511	1433	775	1227	366	0	0	0	0	36	17	34	685	13	205	953	248	166	2186	585	1166	990	4925	5526	6963	0	0
FFQ	131	0	0	0	0	0	0	0	0	0	0	0	0	211	309	905	599	1114	499	383	43	0	0	0	0	42	24	26	666	22	206	783	197	238	2339	669	455	734	4987	6682	8066	0	0
FFQ	132	0	0	1	0	0	0	0	0	0	0	0	0	152	151	926	541	1182	361	741	18	0	0	0	0	71	34	87	910	21	295	876	451	248	2072	1271	475	1391	4292	6666	6871	0	0
FFQ	133	0	0	0	0	0	0	0	0	0	0	0	0	206	328	1975	428	1038	1314	432	1073	0	0	0	0	50	18	41	784	39	353	1276	208	399	1866	701	1085	891	3822	4215	7512	0	0
FFQ	134	0	0	0	0	0	0	0	0	0	0	0	0	214	154	1086	437	847	797	262	260	0	0	0	0	72	34	88	797	33	666	698	631	193	2043	1052	951	448	3804	4422	10011	0	0
FFQ	135	0	0	0	0	0	0	0	0	0	0	0	0	200	209	779	766	954	1306	323	1426	0	0	0	0	54	21	50	557	50	388	828	358	218	1639	719	900	715	4231	4455	8775	0	0
FFQ	136	0	0	0	0	0	0	0	0	0	0	0	0	474	181	749	481	834	545	88	261	0	0	0	0	58	49	68	609	34	400	968	474	201	2154	736	602	687	5551	4798	8876	0	0
FFQ	137	0	0	0	0	0	0	0	0	0	0	0	0	231	183	697	650	1403	718	1112	13	0	0	0	0	77	44	117	617	43	286	661	307	222	1980	541	1021	1327	4997	5232	7337	0	0
FFQ	138	0	0	0	0	0	0	0	0	0	0	0	0	494	201	771	737	1696	752	1113	25	0	0	0	0	52	53	54	620	29	250	709	328	135	1639	951	662	640	4169	4815	8854	0	0
FFQ	139	0	0	0	0	0	0	0	0	0	0	0	0	176	239	665	575	1267	503	453	4	0	0	0	0	70	35	162	736	49	396	638	299	189	1701	719	574	674	3966	5116	10473	0	0
FFQ	140	0	0	0	0	0	0	0	0	0	0	0	0	188	252	1154	581	1307	214	153	2	0	0	0	0	60	32	77	624	55	354	876	385	673	844	937	607	2285	4121	5907	7930	0	0
FFQ	141	0	0	0	0	0	0	0	0	0	0	0	0	272	474	2922	696	1294	330	209	3	0	0	0	0	71	82	73	739	76	276	1574	298	732	608	1069	570	1560	5526	6346	3750	0	0
FFQ	142	0	0	0	0	0	0	0	0	0	0	0	0	278	274	626	1162	1141	666	232	28	0	0	0	0	96	45	113	805	60	356	806	384	200	1651	1014	532	382	4100	4639	9881	0	0
FFQ	143	0	0	0	0	0	0	0	0	0	0	0	0	210	292	611	1557	1476	807	74	49	0	0	0	0	52	29	87	779	72	260	613	375	195	1554	1113	648	490	4257	4358	9399	0	0
FFQ	144	0	0	0	0	0	0	0	0	0	0	0	0	192	375	895	2285	949	489	87	12	0	0	0	0	53	31	46	782	94	337	823	559	710	1293	1002	430	528	4726	4616	7956	0	0
FFQ	145	0	0	0	0	0	0	0	0	0	0	0	0	240	422	419	836	2475	562	1236	4	0	0	0	0	80	48	70	832	127	596	1472	953	250	3241	571	1623	254	4964	4338	3583	0	0
FFQ	146	0	0	0	0	0	0	0	0	0	0	0	0	231	319	448	605	1381	1113	479	2	0	0	0	0	56	46	97	793	106	409	833	665	208	2280	490	1561	434	5577	5138	5813	0	0
FFQ	147	0	0	0	0	0	0	0	0	0	0	0	0	199	265	841	522	1239	310	16	0	0	0	0	0	50	48	63	1140	126	269	1432	502	921	1250	2429	2941	1896	4356	4752	3376	0	0
FFQ	148	0	0	0	0	0	0	0	0	0	0	0	0	253	361	2468	1065	697	359	18	0	0	0	0	0	65	49	50	963	101	253	1903	455	900	418	1896	555	1271	7701	3476	3370	0	0
FFQ	149	0	0	0	0	0	0	0	0	0	0	0	0	201	408	1919	567	723	222	9	6	0	0	0	0	87	58	95	1017	114	381	1810	474	493	560	1897	570	978	8031	4862	2519	0	0
FFQ	150	0	0	0	0	0	0	0	0	0	0	0	0	180	284	652	366	553	472	72	0	0	0	0	0	65	47	123	977	152	416	542	513	352	712	1010	1067	419	3618	6011	8432	0	0
FFQ	151	0	0	0	0	0	0	0	0	0	0	0	0	0	0	0	0	0	0	0	0	0	0	0	0	142	97	175	1238	146	345	531	537	680	489	1623	589	1855	4429	10183	1031	0	0
# Last Fragment Qualities. Use `grep ^LFQ | cut -f 2-` to extract this part.
# Columns correspond to qualities and rows to cycles. First column is the cycle number.
LFQ	1	0	0	131	0	0	0	0	0	0	0	0	0	1	7	219	1000	23675	255	900	1463	2492	7	0	0	1	0	0	16	8	5513	272	29	15557	21170	8149	7376	6297	54040	148104	228572	0	0
LFQ	2	0	0	0	0	0	0	0	0	0	0	0	0	0	1	316	1069	22814	197	7398	53	1309	13	0	0	0	2	3	32	0	2771	651	109	15366	20338	9940	7200	6836	56934	75898	296004	0	0
LFQ	3	0	0	4	0	0	0	0	0	0	0	0	0	1	1	143	5413	13152	82	6397	91	1289	3	0	0	0	3	1	21	1	3794	433	182	13942	19497	9754	7660	5848	58920	85065	293557	0	0
LFQ	4	0	0	0	0	0	0	0	0	0	0	0	0	1	2	164	2485	20268	563	18868	220	1492	4	0	0	1	4	0	24	0	3341	526	207	16077	21156	11682	7321	6294	56706	68528	289320	0	0
LFQ	5	0	0	2	0	0	0	0	0	0	0	0	0	1	2	178	2092	25798	181	3189	976	920	2	0	0	1	0	0	36	0	4126	441	170	15597	22580	9742	5578	6307	56390	72468	298477	0	0
LFQ	6	0	0	1	0	0	0	0	0	0	0	0	0	3	3	384	9400	16228	2496	732	438	1553	0	0	0	1	1	0	50	0	1651	280	571	9755	19922	10750	9207	7563	64075	88240	281950	0	0
LFQ	7	0	0	1	0	0	0	0	0	0	0	0	0	1	30	1836	8921	16954	2811	965	1369	1492	0	0	0	1	3	2	83	0	1471	3689	356	15071	13541	8626	10274	40154	49174	189555	158874	0	0
LFQ	8	0	0	2	0	0	0	0	0	0	0	0	0	0	13	2203	12889	7038	2245	1771	104	426	4	0	0	0	9	3	91	0	1393	6528	520	19545	10615	14423	4771	59520	30618	274104	76419	0	0
LFQ	9	0	0	0	0	0	0	0	0	0	0	0	0	27	3	8460	14748	7520	4040	1907	755	52	0	0	0	0	5	1	83	0	1462	8983	684	22521	5929	21373	1397	52717	24780	261494	86313	0	0
LFQ	10	0	0	2	0	0	0	0	0	0	0	0	0	28	4	10567	14301	6269	2708	1247	2640	17	3	0	0	1	11	5	171	0	593	5370	1208	20805	5510	22288	6057	35106	31623	184493	174227	0	0
LFQ	11	0	0	151	0	0	0	0	0	0	0	0	0	1	23	9014	15118	3760	3108	317	471	6	4	0	0	1	14	2	80	0	1510	3395	610	20117	9639	16487	5701	32250	52538	276845	74092	0	0
LFQ	12	0	0	93	0	0	0	0	0	0	0	0	0	4	36	11679	11697	9580	5421	354	131	553	2	0	0	3	4	4	74	0	1479	5277	361	23283	12186	14003	6642	25968	41551	192429	162440	0	0
LFQ	13	0	0	169	0	0	0	0	0	0	0	0	0	17	25	5069	1001	14506	1048	750	125	1921	2	0	0	5	12	11	82	1	68	1667	25	13010	12149	5061	12393	34210	47639	220727	153561	0	0
LFQ	14	0	0	142	0	0	0	0	0	0	0	0	0	33	22	7663	1383	15268	2115	732	545	2111	7	0	0	4	6	3	83	1	72	3247	21	14124	10555	8340	13812	26594	48287	213440	156644	0	0
LFQ	15	0	0	30	0	0	0	0	0	0	0	0	0	42	18	596	4592	8022	10253	286	65	3269	1	0	0	2	7	17	67	0	80	113	18	10874	18459	5726	10349	8644	66789	108157	268778	0	0
LFQ	16	0	0	11	0	0	0	0	0	0	0	0	0	35	53	9014	2613	20087	1186	1676	119	1294	1	0	0	6	12	6	76	0	66	288	10	20249	17298	10197	3978	19620	58493	94395	264471	0	0
LFQ	17	0	0	5	0	0	0	0	0	0	0	0	0	15	15	921	12121	13006	10350	542	31	3476	2	0	0	6	13	15	101	0	81	174	7	11619	21958	8457	7817	10027	66955	82402	275138	0	0
LFQ	18	0	0	8	0	0	0	0	0	0	0	0	0	24	4	721	20143	7272	3766	230	113	826	0	0	0	6	7	7	87	0	84	332	9	13632	15292	9755	4091	11912	57780	83682	295471	0	0
LFQ	19	0	0	11	0	0	0	0	0	0	0	0	0	11	5	2144	13395	11686	5116	2279	83	537	0	0	0	5	11	6	101	0	53	4441	42	13286	11127	10409	6221	25425	46334	150227	222299	0	0
LFQ	20	0	0	10	0	0	0	0	0	0	0	0	0	10	12	2188	20506	3923	2035	3533	198	419	0	0	0	8	3	12	109	1	78	2058	20	16869	11110	12555	1896	29516	50519	162317	205349	0	0
LFQ	21	0	0	1	0	0	0	0	0	0	0	0	0	11	20	2950	15391	6996	3540	1829	109	1407	15	0	0	10	3	2	57	0	46	1859	21	13977	17510	6061	3951	31217	49255	170705	198311	0	0
LFQ	22	0	0	5	0	0	0	0	0	0	0	0	0	10	14	10956	5028	10773	11141	3760	152	2293	38	0	0	14	3	8	97	1	67	217	27	16041	12464	14590	7941	13546	51378	73212	291478	0	0
LFQ	23	0	0	9	0	0	0	0	0	0	0	0	0	4	9	1306	7594	2388	6954	1526	111	882	17	0	0	7	4	24	57	3	126	219	9	11240	36365	4666	5171	11134	84645	117439	233345	0	0
LFQ	24	0	0	4	0	0	0	0	0	0	0	0	0	14	6	2231	12168	8979	4043	6021	65	1636	64	0	0	9	8	13	120	2	174	360	19	18020	49510	5007	6021	12612	83330	88030	226788	0	0
LFQ	25	0	0	1	0	0	0	0	0	0	0	0	0	6	6	1137	14922	10797	4764	7118	146	2635	7	0	0	23	3	15	165	14	191	358	9	15118	33770	5588	12852	14625	84909	98334	217741	0	0
LFQ	26	0	0	4	0	0	0	0	0	0	0	0	0	7	5	1269	2680	21763	4355	6716	81	1815	0	0	0	17	6	12	108	4	98	412	109	12200	22894	5908	9359	15550	72743	92018	255121	0	0
LFQ	27	0	0	6	0	0	0	0	0	0	0	0	0	5	14	1453	15284	6926	15574	8149	125	4725	1	0	0	22	5	16	113	0	214	238	17	11834	22340	7366	9131	14166	69740	75534	262256	0	0
LFQ	28	0	0	5	0	0	0	0	0	0	0	0	0	10	10	1611	2068	20472	697	3381	89	2982	10	0	0	14	4	27	30	4	147	478	134	10044	20036	4043	12857	14746	67615	86039	277701	0	0
LFQ	29	0	0	4	0	0	0	0	0	0	0	0	0	20	28	1354	2348	18734	5301	3153	63	1715	2	0	0	18	5	7	114	2	91	331	191	8990	16322	6868	4696	12007	56915	67331	318644	0	0
LFQ	30	0	0	5	0	0	0	0	0	0	0	0	0	14	8	1888	4121	24665	4059	11793	41	602	2	0	0	12	5	11	84	0	85	380	241	10729	23761	1262	12419	17278	69190	71675	270924	0	0
LFQ	31	0	0	6	0	0	0	0	0	0	0	0	0	15	19	2764	6944	8793	7798	3808	24	1429	1	0	0	16	7	10	64	2	143	427	157	11566	30621	6345	4002	12850	72624	86629	268190	0	0
LFQ	32	0	0	9	0	0	0	0	0	0	0	0	0	20	11	13001	4006	9895	8355	2058	29	1145	1	0	0	9	9	14	79	2	106	331	310	19583	15286	9056	4082	26927	59220	85007	266703	0	0
LFQ	33	0	0	15	0	0	0	0	0	0	0	0	0	7	12	2782	10784	3490	14666	533	18	3436	0	0	0	14	4	22	33	3	105	183	342	14529	29456	2867	8331	13004	63940	81015	275663	0	0
LFQ	34	0	0	6	0	0	0	0	0	0	0	0	0	7	24	3190	3448	28958	984	2235	6	8917	1	0	0	13	6	2	95	0	101	818	349	11749	17191	3891	13951	15345	59794	75587	278586	0	0
LFQ	35	0	0	8	0	0	0	0	0	0	0	0	0	6	20	5110	2439	20375	1342	553	5	4333	0	0	0	13	11	45	103	1	507	2828	96	16433	31692	3673	13901	72446	55064	141184	153064	2	0
LFQ	36	0	0	7	0	0	0	0	0	0	0	0	0	31	18	5809	12768	7330	1207	8098	10	1111	0	0	0	27	5	16	155	2	1044	2212	112	20416	53316	5867	10336	35646	65064	115879	178736	32	0
LFQ	37	0	0	6	0	0	0	0	0	0	0	0	0	31	32	13140	1595	4793	8119	216	3	1182	0	0	0	26	10	24	117	2	1738	3839	127	21792	16859	7212	7337	39816	107794	185900	103519	25	0
LFQ	38	0	0	10	0	0	0	0	0	0	0	0	0	67	14	15254	4068	10263	2385	1498	11	204	0	0	0	9	7	11	122	1	5653	8022	4467	10773	8489	20144	957	80057	39061	216282	97409	16	0
LFQ	39	0	0	7	0	0	0	0	0	0	0	0	0	129	14	24120	8609	3624	427	368	0	191	0	0	0	12	10	15	131	0	11889	8738	5526	13502	3533	20485	1012	78719	30587	202208	111394	4	0
LFQ	40	0	0	4	0	0	0	0	0	0	0	0	0	44	23	8382	28134	19390	910	2504	0	369	0	0	0	14	9	17	100	0	2637	2380	116	19655	24804	11227	1177	29185	62982	141568	169619	4	0
LFQ	41	0	0	13	0	0	0	0	0	0	0	0	0	20	29	16114	2954	11750	289	391	1	2424	0	0	0	17	9	21	102	5	827	2063	2463	20513	12178	6515	7235	31956	94514	163012	149832	7	0
LFQ	42	0	0	19	0	0	0	0	0	0	0	0	0	24	31	20352	2295	10600	487	1073	12	320	0	0	0	12	7	9	81	0	511	4405	1505	17325	11701	5733	6586	52138	49592	171063	169373	0	0
LFQ	43	0	0	11	0	0	0	0	0	0	0	0	0	29	35	19845	2381	6560	10868	170	220	4317	0	0	0	8	6	13	109	9	544	548	3245	17951	11491	6727	7613	32657	77150	126636	196111	0	0
LFQ	44	0	0	7	0	0	0	0	0	0	0	0	0	24	38	5231	13221	3804	7526	3646	271	2870	0	0	0	12	6	24	103	17	612	583	3005	9551	15860	5949	8231	15920	63644	83953	281146	0	0
LFQ	45	0	0	5	0	0	0	0	0	0	0	0	0	21	35	4258	15623	8332	6942	573	98	1217	0	0	0	13	7	26	90	14	678	548	2247	6834	19986	6923	5494	13611	63173	75762	292744	0	0
LFQ	46	0	0	11	0	0	0	0	0	0	0	0	0	28	28	2695	5661	12441	6419	1490	165	1434	0	0	0	14	6	18	109	10	753	312	2187	9961	15471	5648	5168	16367	58807	76229	303822	0	0
LFQ	47	0	0	7	0	0	0	0	0	0	0	0	0	24	12	2420	3080	22650	1451	5187	19	1649	0	0	0	23	9	13	107	9	1220	649	2499	6982	17050	5181	7823	14884	57736	65836	308734	0	0
LFQ	48	0	0	7	0	0	0	0	0	0	0	0	0	25	15	1624	1574	13715	5436	384	6	3582	0	0	0	15	3	28	144	28	958	473	4208	6271	14599	844	14129	12432	54333	69769	320652	0	0
LFQ	49	0	0	7	0	0	0	0	0	0	0	0	0	17	16	1494	1013	7759	9439	364	13	2237	0	0	0	13	8	12	109	27	524	407	2810	4620	11229	885	10164	10495	50808	73822	336962	0	0
LFQ	50	0	0	13	0	0	0	0	0	0	0	0	0	24	32	1729	4536	6135	3794	116	18	1580	0	0	0	24	6	18	135	8	1746	710	637	5720	11324	2901	10248	12245	61352	104658	295545	0	0
LFQ	51	0	0	8	0	0	0	0	0	0	0	0	0	76	326	16694	1885	10454	6994	206	33	1204	0	0	0	18	4	12	154	1	2091	2921	1215	19702	8439	7724	15801	38064	74153	122598	194476	0	0
LFQ	52	0	0	8	0	0	0	0	0	0	0	0	0	21	22	2489	1155	18893	7539	4503	14	2516	0	0	0	29	4	16	157	1	458	342	2977	7110	20329	7112	11401	17154	72407	94968	253628	0	0
LFQ	53	0	0	5	0	0	0	0	0	0	0	0	0	26	19	2269	1664	12653	8109	2971	18	1474	0	0	0	21	15	41	204	3	766	374	3613	5272	18754	5371	6371	12303	59806	86514	296615	0	0
LFQ	54	0	0	5	0	0	0	0	0	0	0	0	0	28	38	3832	6088	8893	6502	1403	7	1688	0	0	0	29	4	28	175	5	2263	823	1033	6733	13026	5813	5027	12469	53346	70865	325128	0	0
LFQ	55	0	0	9	0	0	0	0	0	0	0	0	0	27	20	5585	7460	4636	6164	1214	27	943	0	0	0	21	7	12	184	3	2862	639	1073	7438	12922	5391	4429	21059	48553	67840	326730	0	0
LFQ	56	0	0	7	0	0	0	0	0	0	0	0	0	20	16	6786	2145	23161	975	3550	47	1142	0	0	0	21	2	19	124	25	965	575	3358	7440	14501	3143	8578	24341	65606	118771	239928	0	0
LFQ	57	0	0	14	0	0	0	0	0	0	0	0	0	35	79	11268	2422	4006	5546	280	68	1729	0	0	0	23	8	34	296	11	4910	7047	1788	9448	18711	5858	9129	63425	54868	227962	96280	0	0
LFQ	58	0	0	11	0	0	0	0	0	0	0	0	0	184	27	14305	4894	3624	1523	152	21	268	0	0	0	27	2	51	853	5	10147	7030	3040	7420	14534	14224	3345	72456	43897	234253	88949	2	0
LFQ	59	0	0	9	0	0	0	0	0	0	0	0	0	96	527	30490	5676	14672	1974	125	6	98	0	0	0	30	8	30	1136	3	13724	21116	611	10325	20953	10580	5327	57053	43108	136124	151434	3	0
LFQ	60	0	0	7	0	0	0	0	0	0	0	0	0	336	32	25918	8307	7645	709	1178	14	200	0	0	0	40	10	28	690	7	25531	7963	5076	6242	8932	14567	868	80078	44863	150390	135601	3	0
LFQ	61	0	0	6	0	0	0	0	0	0	0	0	0	491	35	23407	7974	5614	8308	189	51	1805	0	0	0	33	20	38	466	11	14302	6660	7620	5229	9231	13041	5415	58082	48728	164060	144416	1	0
LFQ	62	0	0	8	0	0	0	0	0	0	0	0	0	54	41	12416	11718	5642	11093	3593	191	2631	0	0	0	24	22	19	422	3	6075	4280	3855	4410	17139	8037	6895	22717	60670	75772	267503	0	0
LFQ	63	0	0	8	0	0	0	0	0	0	0	0	0	25	21	4430	590	13730	1221	2782	124	155	0	0	0	25	23	112	797	68	1532	3027	5534	1683	64699	674	6375	10802	110698	95849	200243	1	0
LFQ	64	0	0	5	0	0	0	0	0	0	0	0	0	42	33	5630	1862	11313	3822	2917	1675	105	0	0	0	35	22	99	338	603	4469	8290	7836	2762	113471	5046	2416	63844	85449	99263	103875	1	0
LFQ	65	0	0	12	0	0	0	0	0	0	0	0	0	81	36	13349	7972	2656	13995	335	10288	716	0	0	0	33	28	84	300	227	20889	5685	14955	1387	40687	8373	9161	64093	79340	112792	117715	0	0
LFQ	66	0	0	6	0	0	0	0	0	0	0	0	0	98	51	24782	12581	2547	12885	182	11306	582	0	0	0	33	25	59	333	224	29269	4075	11502	1125	24911	5435	10707	48332	68024	119042	137067	0	0
LFQ	67	0	0	6	0	0	0	0	0	0	0	0	0	77	63	14534	2673	8977	8379	379	9258	905	0	0	0	44	26	54	299	144	27279	2975	10482	840	22048	3440	15672	57223	65747	120106	153545	0	0
LFQ	68	0	0	6	0	0	0	0	0	0	0	0	0	114	49	20958	1545	10175	5867	7154	545	1760	0	0	0	23	34	70	377	123	14250	4510	10028	744	23839	6049	10025	50741	65006	126853	164325	0	0
LFQ	69	0	0	3	0	0	0	0	0	0	0	0	0	115	61	3127	3073	15610	17781	3752	18379	2231	0	0	0	28	26	55	251	143	2436	1776	12238	639	34544	626	12414	12872	65065	75712	242207	0	0
LFQ	70	0	0	2	0	0	0	0	0	0	0	0	0	58	58	2530	1754	25349	6808	5931	10350	859	0	0	0	42	34	86	319	164	2220	1170	10518	623	34667	642	12506	14175	72337	75267	246691	0	0
LFQ	71	0	0	5	0	0	0	0	0	0	0	0	0	25	35	1971	1029	9664	11949	3977	7073	1009	0	0	0	38	49	85	303	135	3471	4112	4460	479	44252	312	10044	11845	81607	94255	232973	0	0
LFQ	72	0	0	2	0	0	0	0	0	0	0	0	0	32	17	2341	1141	8014	11121	3694	5365	243	0	0	0	32	62	79	319	140	3062	3624	7160	516	56849	341	8984	9003	86412	94366	222235	0	0
LFQ	73	0	0	2	0	0	0	0	0	0	0	0	0	27	46	1870	1139	9904	14808	8716	4862	134	0	0	0	33	41	81	221	97	3632	3600	6463	459	31672	374	10484	10493	66426	85494	264060	0	0
LFQ	74	0	0	3	0	0	0	0	0	0	0	0	0	158	37	10828	930	2728	19483	726	7344	119	0	0	0	40	68	93	524	62	8527	3416	8809	393	22581	3979	8889	38251	57532	110859	218746	0	0
LFQ	75	0	0	1	0	0	0	0	0	0	0	0	0	255	37	12249	1073	22675	10932	691	12533	99	0	0	0	31	90	81	643	62	9380	4755	10724	453	28344	5901	11520	43103	68385	106713	174380	0	0
LFQ	76	0	0	3	0	0	0	0	0	0	0	0	0	254	50	12920	1339	12351	7673	3439	4965	94	0	0	0	40	102	101	1043	31	8559	4031	8081	475	41406	8176	3711	33818	70663	118994	182781	0	0
LFQ	77	0	0	3	0	0	0	0	0	0	0	0	0	109	40	9734	6717	14518	3813	2022	9822	75	0	0	0	51	94	273	3853	53	16278	3619	5193	669	22620	6289	5549	46795	62558	118266	186068	0	0
LFQ	78	0	0	3	0	0	0	0	0	0	0	0	0	75	47	21501	1494	10094	6321	613	3709	18	0	0	0	55	66	175	2944	29	10686	16967	4031	4335	16432	8238	4625	67815	58478	100356	185966	0	0
LFQ	79	0	0	3	0	0	0	0	0	0	0	0	0	220	75	24533	1468	10438	6885	2973	3915	15	0	0	0	60	97	143	5809	21	10174	15498	7267	3287	14143	19068	4049	55015	83917	132303	123651	0	0
LFQ	80	0	0	2	0	0	0	0	0	0	0	0	0	217	258	23087	1865	13464	1116	2359	3657	16	0	0	0	97	85	156	4311	20	6332	22443	1734	5937	13654	9672	7131	83484	58077	133820	132011	0	0
LFQ	81	0	0	1	0	0	0	0	0	0	0	0	0	610	136	47418	2603	13996	5379	2496	2663	16	0	0	0	135	65	137	9047	23	12258	20366	7728	4981	19722	20682	11709	44956	46393	117047	134425	0	0
LFQ	82	0	0	1	0	0	0	0	0	0	0	0	0	200	129	15869	8562	9249	6818	814	2383	12	0	0	0	115	70	227	2523	27	5841	14981	2229	3477	31430	9351	4187	19678	96445	126973	163396	0	0
LFQ	83	0	0	1	0	0	0	0	0	0	0	0	0	108	94	11677	2024	15393	7373	3828	469	15	0	0	0	104	70	201	2352	38	4787	11733	2394	3677	23969	7636	7187	40079	70534	156630	152606	0	0
LFQ	84	0	0	0	0	0	0	0	0	0	0	0	0	95	91	21388	1873	13821	5901	11080	1414	32	0	0	0	82	134	181	1401	30	9382	16391	3523	3547	23634	11651	10851	51632	54578	183677	98585	0	0
LFQ	85	0	0	5	0	0	0	0	0	0	0	0	0	88	70	35802	2223	10208	5439	1513	2873	33	0	0	0	89	83	178	890	31	9206	12935	3622	7272	21140	14069	7912	39961	57784	124596	166935	0	0
LFQ	86	0	0	12	0	0	0	0	0	0	0	0	0	94	74	12141	1232	10228	16060	2629	4082	56	0	0	0	109	77	175	1681	68	50430	23331	2210	4913	18003	2955	10021	120993	51073	83778	108511	0	0
LFQ	87	0	0	4	0	0	0	0	0	0	0	0	0	179	92	39509	1413	11069	11350	2354	3601	14	0	0	0	121	73	185	3845	33	96448	7407	5640	189	18382	10251	3288	87964	44233	66697	110547	0	0
LFQ	88	0	0	3	0	0	0	0	0	0	0	0	0	242	76	37271	1357	15737	1444	3604	251	5	0	0	0	95	83	188	4091	39	45364	51998	5145	933	16795	4286	7073	84502	46593	76751	120918	0	0
LFQ	89	0	0	0	0	0	0	0	0	0	0	0	0	272	133	28108	869	5430	4498	3660	979	11	0	0	0	112	96	337	7432	68	40179	24972	6500	2923	8568	7090	5351	160812	35727	107625	73039	0	0
LFQ	90	0	0	1	0	0	0	0	0	0	0	0	0	499	73	30285	6789	4302	9068	3334	912	6	0	0	0	118	153	205	16660	57	20635	16534	4253	3208	17599	10583	6688	100786	60012	114130	97842	0	0
LFQ	91	0	0	5	0	0	0	0	0	0	0	0	0	483	92	23433	3519	3411	4841	2637	680	7	0	0	0	112	134	221	17965	83	16661	8744	4796	2471	13300	8773	6516	81262	53564	140546	130391	0	0
LFQ	92	0	0	2	0	0	0	0	0	0	0	0	0	223	171	20876	2687	16929	16156	8141	6207	7	0	0	0	131	52	458	6447	98	43057	14322	2501	4217	46906	15354	15475	22672	93898	109825	77769	0	0
LFQ	93	0	0	4	0	0	0	0	0	0	0	0	0	351	154	23704	3306	2936	12909	4498	3392	7	0	0	0	160	47	259	6757	97	7690	20025	5192	3526	36422	38577	26373	17601	93205	114720	102634	0	0
LFQ	94	0	0	7	0	0	0	0	0	0	0	0	0	317	128	7532	14714	4763	23182	9283	1737	16	0	0	0	116	52	191	5576	101	5575	6438	3861	578	31677	24943	18282	10099	70408	127154	157717	0	0
LFQ	95	0	0	6	0	0	0	0	0	0	0	0	0	559	521	24280	11808	10139	13116	2192	393	2	0	0	0	270	103	327	14323	75	6633	42620	9128	9038	21758	14676	14586	12394	67988	75154	172236	0	0
LFQ	96	0	0	6	0	0	0	0	0	0	0	0	0	852	175	23703	4250	30132	6856	9965	432	0	0	0	0	253	93	347	25234	115	32803	5256	7424	620	35010	8992	14286	11086	64164	74278	167917	0	0
LFQ	97	0	0	1	0	0	0	0	0	0	0	0	0	229	355	5575	21196	8908	6616	1606	411	0	0	0	0	257	99	328	11141	257	3402	4864	24335	4533	27216	13786	1566	8689	95879	98980	183932	0	0
LFQ	98	0	0	4	0	0	0	0	0	0	0	0	0	109	167	3420	1775	30527	3642	8831	783	1	0	0	0	199	90	273	8210	77	3188	6771	11884	277	31634	7526	8327	9362	85735	102533	198710	0	0
LFQ	99	0	0	0	0	0	0	0	0	0	0	0	0	207	329	3935	2411	21322	4668	7345	376	2	0	0	0	174	81	244	2728	121	7368	5308	5280	217	28907	3090	11523	10147	80272	96063	231772	0	0
LFQ	100	0	0	1	0	0	0	0	0	0	0	0	0	111	172	3879	1402	14687	10959	2708	1522	0	0	0	0	161	69	193	4214	166	4753	4349	4296	227	36228	5579	7400	8279	87994	96311	228027	0	0
LFQ	101	0	0	2	0	0	0	0	0	0	0	0	0	233	307	6236	5942	38380	22944	21384	993	0	0	0	0	162	78	161	7328	87	5292	28099	5429	788	40108	5819	11120	56794	66832	72025	126905	0	0
LFQ	102	0	0	1	0	0	0	0	0	0	0	0	0	205	320	7672	5162	21228	12843	1288	1159	0	0	0	0	197	94	271	11897	198	42469	12081	9952	549	77501	29131	10671	10083	67644	83940	116562	0	0
LFQ	103	0	0	0	0	0	0	0	0	0	0	0	0	350	381	19656	9446	16116	9761	3418	302	0	0	0	0	174	84	377	16522	137	7101	62325	14044	3463	26541	24039	15518	14795	74130	91177	113012	0	0
LFQ	104	0	0	1	0	0	0	0	0	0	0	0	0	431	481	21016	16622	5515	14857	876	269	0	0	0	0	188	108	300	14916	254	4268	27760	8435	9223	23374	30895	19331	20860	67047	89751	145871	0	0
LFQ	105	0	0	0	0	0	0	0	0	0	0	0	0	570	928	40800	29620	5856	8614	659	190	0	0	0	0	233	109	253	17756	302	3444	27456	12630	12882	16285	26116	18752	17175	65641	77469	138702	0	0
LFQ	106	0	0	2	0	0	0	0	0	0	0	0	0	380	476	8450	14277	13544	22537	543	4329	1	0	0	0	219	120	264	10435	247	4798	13808	16051	525	32314	15135	8778	9970	95258	88963	160851	0	0
LFQ	107	0	0	1	0	0	0	0	0	0	0	0	0	402	1107	13014	2055	15732	6163	3272	250	0	0	0	0	249	120	346	7865	270	5618	14620	9873	2128	47261	5977	11876	12602	129666	105807	125809	0	0
LFQ	108	0	0	0	0	0	0	0	0	0	0	0	0	469	585	6548	24718	12563	27811	7967	366	0	0	0	0	235	136	460	7964	302	10389	12921	6671	347	35295	10258	14221	9981	94709	89898	146692	0	0
LFQ	109	0	0	2	0	0	0	0	0	0	0	0	0	711	668	8145	13739	33353	14472	511	1187	0	0	0	0	253	150	278	14180	311	5389	14295	6245	3615	20947	13662	10783	8982	85953	87046	176367	5	0
LFQ	110	0	0	2	0	0	0	0	0	0	0	0	0	670	1339	8649	10304	26112	28439	3422	1939	0	0	0	0	258	126	353	11007	411	8381	16142	8671	1798	30855	6427	19755	11381	87366	80016	157203	0	0
LFQ	111	0	0	0	0	0	0	0	0	0	0	0	0	806	1901	18271	5714	33961	14603	7725	297	0	0	0	0	256	134	342	10043	391	7228	15663	7987	4552	20694	5992	17902	18627	93775	103438	130514	0	0
LFQ	112	0	0	3	0	0	0	0	0	0	0	0	0	1068	1092	20662	16418	12802	2667	833	236	0	0	0	0	248	179	712	13509	329	8650	49472	6099	9332	9498	15114	6064	18602	100903	104143	121935	0	0
LFQ	113	0	0	0	0	0	0	0	0	0	0	0	0	893	984	6637	10594	37563	5001	683	1488	0	0	0	0	370	159	567	16189	1041	5235	51028	6182	2914	17828	11236	8160	8528	80639	74926	171453	0	0
LFQ	114	0	0	2	0	0	0	0	0	0	0	0	0	1325	1166	13147	11896	62751	15048	4270	308	0	0	0	0	378	253	540	21930	672	3740	34715	8380	499	20522	11181	9066	7037	76501	67008	147254	0	0
LFQ	115	0	0	4	0	0	0	0	0	0	0	0	0	2129	1140	12648	2898	71029	10604	607	522	0	0	0	0	319	209	350	24791	644	3792	31469	12199	961	27105	14831	10657	11931	87881	70700	119823	0	0
LFQ	116	0	0	0	0	0	0	0	0	0	0	0	0	1302	1791	18433	3749	31005	2231	281	380	0	0	0	0	412	355	672	20570	588	12972	113378	3101	5866	6990	13970	5917	15107	87668	70238	100807	0	0
LFQ	117	0	0	0	0	0	0	0	0	0	0	0	0	2741	2301	26774	2507	23791	2891	213	570	0	0	0	0	317	281	755	40426	780	34567	32225	9160	2614	36821	22856	13114	2373	77861	86350	94684	0	0
LFQ	118	0	0	4	0	0	0	0	0	0	0	0	0	1799	4086	31220	3393	41089	3985	279	183	0	0	0	0	340	260	431	28438	853	3970	74902	2007	2437	16445	11235	14812	8393	94694	68092	102469	0	0
LFQ	119	0	0	2	0	0	0	0	0	0	0	0	0	2335	2417	27629	5314	15003	973	514	60	0	0	0	0	344	354	975	22992	598	10229	46138	8316	4275	14112	42625	6674	7612	81525	120931	92020	0	0
LFQ	120	0	0	2	0	0	0	0	0	0	0	0	0	2629	1368	16041	24630	4758	1754	263	1082	0	0	0	0	373	470	1286	22089	1052	12210	67537	6149	7851	12367	74027	17769	27413	50933	96610	53580	0	0
LFQ	121	0	0	1	0	0	0	0	0	0	0	0	0	6628	3529	81934	2925	2741	777	153	145	0	0	0	0	621	551	1047	39030	1580	30091	83056	4454	2716	32519	26580	8535	3901	25457	32053	18273	0	0
LFQ	122	0	0	5	0	0	0	0	0	0	0	0	0	958	391	11814	635	1885	626	135	132	0	0	0	0	450	370	2492	16935	496	30267	76792	7391	2908	18795	29910	11155	2575	34357	33570	8866	0	0
LFQ	123	0	0	4	0	0	0	0	0	0	0	0	0	1252	814	23110	1260	2728	757	231	134	0	0	0	0	334	275	999	15009	226	5336	46050	5315	24735	5679	64093	14830	44702	8268	21150	4965	0	0
LFQ	124	0	0	4	0	0	0	0	0	0	0	0	0	14553	4207	39094	1397	3525	627	4364	135	0	0	0	0	837	615	1362	36189	200	39243	60245	4605	4638	31010	22833	6995	1887	4500	5987	1307	0	0
LFQ	125	0	0	0	0	0	0	0	0	0	0	0	0	4374	2183	27940	1815	2008	1132	192	30	0	0	0	0	1436	775	3719	32317	893	27232	61086	11245	6239	20323	22091	6490	1363	32140	15991	3167	0	0
LFQ	126	0	0	0	0	0	0	0	0	0	0	0	0	5608	10636	8612	3381	48057	17121	181	19	0	0	0	0	1376	675	1569	30475	2610	8032	35384	13229	1150	8021	7903	6176	1254	36861	20822	13611	0	0
LFQ	127	0	0	2	0	0	0	0	0	0	0	0	0	1226	1596	4728	3856	6481	3028	131	7	0	0	0	0	872	799	3755	19563	643	13801	25998	15224	3974	3670	10264	5888	980	69242	54602	30984	0	0
LFQ	128	0	0	0	0	0	0	0	0	0	0	0	0	1083	1707	5140	15061	2115	1103	109	7	0	0	0	0	815	654	1245	18009	501	3511	16836	4351	6308	5661	23659	1917	2603	52178	49506	44795	0	0
LFQ	129	0	0	0	0	0	0	0	0	0	0	0	0	604	626	1757	2547	1911	631	145	7	0	0	0	0	752	621	936	11778	360	3334	11461	1537	4068	2044	6550	752	1520	17634	14265	18207	0	0
LFQ	130	0	0	0	0	0	0	0	0	0	0	0	0	517	366	2262	1328	2452	1042	58	30	0	0	0	0	287	234	415	4937	284	1357	2625	749	384	989	741	494	393	2252	1713	1436	0	0
LFQ	131	0	0	0	0	0	0	0	0	0	0	0	0	410	403	1745	1465	2264	696	37	74	0	0	0	0	210	125	306	1595	59	522	1661	499	315	902	827	411	319	2099	1688	1367	0	0
LFQ	132	0	0	0	0	0	0	0	0	0	0	0	0	323	402	1467	1584	2155	839	47	86	0	0	0	0	194	100	264	1240	132	556	1463	554	229	755	621	355	289	2361	1551	1238	0	0
LFQ	133	0	0	0	0	0	0	0	0	0	0	0	0	430	446	1489	1804	2696	639	187	8	0	0	0	0	164	114	257	1186	166	531	1106	561	220	755	645	380	234	2034	1591	1066	0	0
LFQ	134	0	0	0	0	0	0	0	0	0	0	0	0	442	407	1217	1625	2702	218	54	6	0	0	0	0	163	101	253	1381	174	484	976	566	139	1092	523	590	167	2297	1731	1321	0	0
LFQ	135	0	0	0	0	0	0	0	0	0	0	0	0	468	490	1036	1246	3480	298	32	71	0	0	0	0	166	81	199	1108	181	452	700	487	110	1136	510	576	223	2408	1740	1344	0	0
LFQ	136	0	0	0	0	0	0	0	0	0	0	0	0	599	480	1136	1278	3007	271	33	14	0	0	0	0	189	100	323	1169	133	416	813	460	138	1244	454	513	198	2130	1790	1562	0	0
LFQ	137	0	0	0	0	0	0	0	0	0	0	0	0	602	572	1537	874	2663	194	12	33	0	0	0	0	182	123	206	1303	146	424	926	477	258	769	492	589	379	2144	1721	1708	0	0
LFQ	138	0	0	0	0	0	0	0	0	0	0	0	0	765	697	1221	952	2529	319	30	15	0	0	0	0	166	119	412	1564	168	1118	1935	448	120	723	389	318	176	1625	1155	1176	0	0
LFQ	139	0	0	0	0	0	0	0	0	0	0	0	0	1306	572	1639	751	2017	183	13	22	0	0	0	0	279	172	334	1844	207	747	971	457	295	648	527	431	157	1716	1317	1414	0	0
LFQ	140	0	0	0	0	0	0	0	0	0	0	0	0	988	1180	1887	883	2009	184	6	9	0	0	0	0	222	178	261	1565	180	566	1083	304	186	571	620	415	233	1595	1314	1330	0	0
LFQ	141	0	0	0	0	0	0	0	0	0	0	0	0	982	927	1460	742	1509	81	27	1	0	0	0	0	283	208	376	1698	135	633	1064	368	280	507	764	461	286	1799	1527	1485	0	0
LFQ	142	0	0	0	0	0	0	0	0	0	0	0	0	1216	880	1243	951	903	406	25	59	0	0	0	0	261	213	575	1957	134	1280	1143	463	494	551	1183	305	428	954	833	694	0	0
LFQ	143	0	0	0	0	0	0	0	0	0	0	0	0	1592	1560	1754	941	937	79	16	14	0	0	0	0	267	208	356	1624	149	721	801	528	327	533	842	273	167	1173	1075	948	0	0
LFQ	144	0	0	0	0	0	0	0	0	0	0	0	0	940	882	1105	942	942	89	30	3	0	0	0	0	284	288	1003	2002	163	1133	1321	406	298	724	625	179	237	1318	881	541	0	0
LFQ	145	0	0	0	0	0	0	0	0	0	0	0	0	1003	1068	989	955	1106	112	73	10	0	0	0	0	281	228	546	1709	121	921	763	681	777	429	1185	136	288	883	1019	614	0	0
LFQ	146	0	0	0	0	0	0	0	0	0	0	0	0	1432	1367	1042	949	1609	108	192	6	0	0	0	0	420	326	625	1922	166	738	837	391	208	501	482	180	123	805	514	329	0	0
LFQ	147	0	0	0	0	0	0	0	0	0	0	0	0	944	1086	707	937	1148	84	25	10	0	0	0	0	379	332	846	1692	223	822	800	478	244	1001	494	186	116	1219	679	396	0	0
LFQ	148	0	0	0	0	0	0	0	0	0	0	0	0	841	1262	756	1493	1702	88	24	0	0	0	0	0	386	239	523	1451	268	506	628	319	179	678	442	293	97	1124	705	464	0	0
LFQ	149	0	0	0	0	0	0	0	0	0	0	0	0	529	680	634	1310	634	101	6	0	0	0	0	0	340	296	1029	1570	249	730	659	332	263	563	715	165	93	1388	968	496	0	0
LFQ	150	0	0	0	0	0	0	0	0	0	0	0	0	525	578	336	709	363	29	13	0	0	0	0	0	311	296	599	1411	301	508	609	413	414	388	729	184	134	1387	1041	730	0	0
LFQ	151	0	0	0	0	0	0	0	0	0	0	0	0	0	0	0	0	0	0	0	0	0	0	0	0	443	532	616	1499	167	356	355	132	92	215	192	81	64	304	285	198	0	0
# GC Content of first fragments. Use `grep ^GCF | cut -f 2-` to extract this part.
GCF	13.82	0
GCF	27.89	1
GCF	32.16	0
GCF	36.43	5
GCF	36.93	9
GCF	37.44	13
GCF	37.94	49
GCF	38.44	11
GCF	38.94	15
GCF	39.45	24
GCF	39.95	31
GCF	40.45	59
GCF	40.95	115
GCF	41.46	304
GCF	41.96	879
GCF	42.46	1416
GCF	42.96	9432
GCF	43.47	12993
GCF	43.97	77367
GCF	44.47	18183
GCF	44.97	24650
GCF	45.48	6440
GCF	45.98	6298
GCF	46.48	3832
GCF	46.98	10098
GCF	47.49	13223
GCF	47.99	63162
GCF	48.49	73493
GCF	48.99	16531
GCF	49.50	7412
GCF	50.00	4330
GCF	50.50	3206
GCF	51.01	3858
GCF	51.51	4251
GCF	52.01	4154
GCF	52.51	3092
GCF	53.02	2847
GCF	53.52	3007
GCF	54.02	3076
GCF	54.52	9482
GCF	55.03	11134
GCF	55.53	82538
GCF	56.03	15539
GCF	56.53	13935
GCF	57.04	2645
GCF	57.54	2342
GCF	58.04	852
GCF	58.54	570
GCF	59.05	449
GCF	59.55	309
GCF	60.05	317
GCF	60.55	328
GCF	61.06	594
GCF	61.56	1320
GCF	62.06	1773
GCF	62.56	10276
GCF	63.07	11908
GCF	63.57	75575
GCF	64.07	53161
GCF	64.57	49064
GCF	65.08	13885
GCF	65.58	7975
GCF	66.08	2918
GCF	66.58	1186
GCF	67.09	690
GCF	67.59	400
GCF	68.09	186
GCF	68.59	151
GCF	69.10	93
GCF	69.60	66
GCF	70.10	52
GCF	70.60	41
GCF	71.11	28
GCF	71.61	17
GCF	72.11	10
GCF	72.61	11
GCF	73.12	7
GCF	73.62	6
GCF	74.62	3
GCF	75.63	0
GCF	76.13	2
GCF	76.88	1
# GC Content of last fragments. Use `grep ^GCL | cut -f 2-` to extract this part.
GCL	14.07	0
GCL	28.39	1
GCL	28.89	2
GCL	29.90	1
GCL	31.41	0
GCL	32.41	1
GCL	33.42	2
GCL	34.42	4
GCL	35.43	2
GCL	36.43	31
GCL	36.93	33
GCL	37.44	13
GCL	37.94	7
GCL	38.44	42
GCL	38.94	15
GCL	39.45	11
GCL	39.95	14
GCL	40.45	20
GCL	40.95	30
GCL	41.46	34
GCL	41.96	98
GCL	42.46	140
GCL	42.96	263
GCL	43.47	382
GCL	43.97	1716
GCL	44.47	13139
GCL	44.97	13755
GCL	45.48	73117
GCL	45.98	78627
GCL	46.48	22950
GCL	46.98	9329
GCL	47.49	13072
GCL	47.99	12840
GCL	48.49	64964
GCL	48.99	26370
GCL	49.50	19309
GCL	50.00	8838
GCL	50.50	6625
GCL	51.01	4047
GCL	51.51	3358
GCL	52.01	3326
GCL	52.51	4038
GCL	53.02	4824
GCL	53.52	15198
GCL	54.02	61137
GCL	54.52	71990
GCL	55.03	30405
GCL	55.53	25859
GCL	56.03	63770
GCL	56.53	63213
GCL	57.04	53152
GCL	57.54	49999
GCL	58.04	20424
GCL	58.54	9377
GCL	59.05	8192
GCL	59.55	4115
GCL	60.05	2525
GCL	60.55	2200
GCL	61.06	1351
GCL	61.56	938
GCL	62.06	764
GCL	62.56	534
GCL	63.07	444
GCL	63.57	350
GCL	64.07	344
GCL	64.57	297
GCL	65.08	545
GCL	65.58	493
GCL	66.08	304
GCL	66.58	199
GCL	67.09	157
GCL	67.59	99
GCL	68.09	88
GCL	68.59	56
GCL	69.10	48
GCL	69.60	40
GCL	70.10	32
GCL	70.60	21
GCL	71.11	17
GCL	71.61	11
GCL	72.11	10
GCL	72.61	6
GCL	73.12	4
GCL	73.62	2
GCL	74.37	3
GCL	75.13	1
GCL	75.63	2
GCL	76.13	1
GCL	76.63	0
GCL	77.14	2
GCL	77.64	0
GCL	78.39	1
GCL	79.15	0
GCL	79.90	1
# ACGT content per cycle. Use `grep ^GCC | cut -f 2-` to extract this part. The columns are: cycle; A,C,G,T base counts as a percentage of all A/C/G/T bases [%]; and N and O counts as a percentage of all A/C/G/T bases [%]
GCC	1	21.17	1.94	54.45	22.43	0.02	0.00
GCC	2	11.45	42.91	30.34	15.29	0.01	0.00
GCC	3	60.28	23.67	3.54	12.51	0.00	0.00
GCC	4	41.01	0.76	3.04	55.19	0.01	0.00
GCC	5	36.25	21.60	39.69	2.47	0.00	0.00
GCC	6	13.43	29.86	54.17	2.54	0.01	0.00
GCC	7	0.80	17.40	80.13	1.68	0.01	0.00
GCC	8	11.31	16.58	54.28	17.84	0.00	0.00
GCC	9	37.58	2.14	43.96	16.32	0.00	0.00
GCC	10	16.68	49.32	12.25	21.74	0.00	0.00
GCC	11	22.43	4.19	51.58	21.81	0.01	0.00
GCC	12	26.17	24.87	3.04	45.92	0.01	0.00
GCC	13	0.55	16.28	60.54	22.63	0.02	0.00
GCC	14	36.44	2.58	39.74	21.24	0.01	0.00
GCC	15	12.27	33.28	23.36	31.09	0.00	0.00
GCC	16	23.77	11.55	62.40	2.29	0.00	0.00
GCC	17	4.11	2.36	15.99	77.54	0.00	0.00
GCC	18	20.90	38.14	19.24	21.71	0.00	0.00
GCC	19	2.93	57.45	3.30	36.32	0.00	0.00
GCC	20	18.74	53.64	15.38	12.24	0.00	0.00
GCC	21	31.72	2.96	52.31	13.00	0.00	0.00
GCC	22	1.17	19.19	33.44	46.20	0.00	0.00
GCC	23	33.30	37.29	26.94	2.47	0.00	0.00
GCC	24	56.20	1.44	3.48	38.88	0.00	0.00
GCC	25	17.10	1.58	57.86	23.46	0.00	0.00
GCC	26	12.44	15.83	49.17	22.56	0.00	0.00
GCC	27	38.27	2.80	22.69	36.24	0.00	0.00
GCC	28	33.42	43.40	22.34	0.84	0.00	0.00
GCC	29	37.75	11.13	49.49	1.62	0.00	0.00
GCC	30	29.01	1.67	33.57	35.74	0.00	0.00
GCC	31	24.20	31.73	32.65	11.42	0.00	0.00
GCC	32	32.68	40.81	3.87	22.65	0.00	0.00
GCC	33	67.91	18.04	11.76	2.29	0.00	0.00
GCC	34	2.43	26.27	53.79	17.51	0.00	0.00
GCC	35	2.94	38.91	26.21	31.94	0.00	0.00
GCC	36	30.51	14.61	1.58	53.30	0.00	0.00
GCC	37	23.00	52.02	22.69	2.29	0.00	0.00
GCC	38	22.96	37.51	26.38	13.16	0.00	0.00
GCC	39	24.41	15.74	12.06	47.79	0.00	0.00
GCC	40	42.63	3.55	37.28	16.54	0.00	0.00
GCC	41	21.52	30.20	11.78	36.49	0.00	0.00
GCC	42	34.89	1.43	30.69	33.00	0.00	0.00
GCC	43	1.55	58.06	37.95	2.44	0.00	0.00
GCC	44	1.33	47.59	35.47	15.61	0.00	0.00
GCC	45	22.06	23.02	28.57	26.35	0.00	0.00
GCC	46	36.46	37.31	22.11	4.12	0.00	0.00
GCC	47	12.54	37.25	11.79	38.41	0.00	0.00
GCC	48	59.44	22.41	0.99	17.15	0.00	0.00
GCC	49	46.19	13.82	37.39	2.60	0.00	0.00
GCC	50	1.05	93.34	1.36	4.24	0.00	0.00
GCC	51	16.91	31.78	3.04	48.26	0.00	0.00
GCC	52	21.90	2.44	73.07	2.59	0.00	0.00
GCC	53	37.46	2.69	37.12	22.73	0.00	0.00
GCC	54	39.16	32.21	17.76	10.87	0.00	0.00
GCC	55	67.35	28.05	3.65	0.95	0.00	0.00
GCC	56	38.56	17.85	42.38	1.22	0.00	0.00
GCC	57	15.68	32.26	35.00	17.06	0.00	0.00
GCC	58	12.22	62.64	23.03	2.11	0.00	0.00
GCC	59	36.09	12.39	3.47	48.06	0.00	0.00
GCC	60	36.21	24.46	26.96	12.37	0.00	0.00
GCC	61	1.14	16.46	27.68	54.73	0.00	0.00
GCC	62	32.67	26.55	15.80	24.98	0.00	0.00
GCC	63	32.21	23.18	17.36	27.25	0.00	0.00
GCC	64	32.18	50.88	13.70	3.24	0.00	0.00
GCC	65	35.97	27.68	33.46	2.89	0.00	0.00
GCC	66	22.28	37.09	14.84	25.79	0.00	0.00
GCC	67	43.07	17.17	37.24	2.52	0.00	0.00
GCC	68	35.05	31.79	2.56	30.60	0.00	0.00
GCC	69	49.27	17.06	1.15	32.53	0.00	0.00
GCC	70	23.48	16.97	43.51	16.04	0.00	0.00
GCC	71	28.15	36.07	22.27	13.51	0.00	0.00
GCC	72	38.18	37.71	11.58	12.53	0.00	0.00
GCC	73	42.94	17.72	37.81	1.53	0.00	0.00
GCC	74	32.99	31.91	30.60	4.51	0.00	0.00
GCC	75	22.86	12.47	2.10	62.57	0.00	0.00
GCC	76	22.72	16.91	35.85	24.52	0.00	0.00
GCC	77	33.87	53.22	1.28	11.63	0.00	0.00
GCC	78	37.83	23.56	11.58	27.02	0.00	0.00
GCC	79	22.42	48.80	26.54	2.24	0.00	0.00
GCC	80	12.10	52.91	21.64	13.35	0.00	0.00
GCC	81	33.12	11.70	27.66	27.52	0.00	0.00
GCC	82	44.65	25.95	13.47	15.94	0.00	0.00
GCC	83	37.50	37.72	11.79	12.99	0.00	0.00
GCC	84	32.11	21.74	17.96	28.19	0.00	0.00
GCC	85	22.84	38.33	36.50	2.34	0.00	0.00
GCC	86	27.77	39.14	1.58	31.51	0.00	0.00
GCC	87	13.03	59.29	1.28	26.41	0.00	0.00
GCC	88	24.48	1.91	46.45	27.17	0.00	0.00
GCC	89	42.61	42.56	12.88	1.95	0.00	0.00
GCC	90	36.15	29.08	2.20	32.56	0.00	0.00
GCC	91	31.93	27.13	38.21	2.73	0.00	0.00
GCC	92	23.88	27.53	35.07	13.51	0.00	0.00
GCC	93	21.84	13.91	22.23	42.02	0.00	0.00
GCC	94	27.04	28.69	42.60	1.66	0.00	0.00
GCC	95	37.13	17.20	22.65	23.02	0.00	0.00
GCC	96	11.78	1.38	13.88	72.96	0.00	0.00
GCC	97	22.13	39.26	25.74	12.86	0.00	0.00
GCC	98	42.53	17.11	16.72	23.64	0.00	0.00
GCC	99	36.77	48.17	1.98	13.09	0.00	0.00
GCC	100	21.29	43.41	22.07	13.23	0.00	0.00
GCC	101	10.97	13.68	37.23	38.12	0.00	0.00
GCC	102	22.18	48.11	2.29	27.42	0.00	0.00
GCC	103	25.57	27.34	23.61	23.49	0.00	0.00
GCC	104	22.08	26.06	26.65	25.21	0.00	0.00
GCC	105	11.87	3.74	26.00	58.39	0.00	0.00
GCC	106	45.84	17.31	23.03	13.82	0.00	0.00
GCC	107	1.41	38.91	32.08	27.60	0.00	0.00
GCC	108	11.94	14.14	46.59	27.33	0.00	0.00
GCC	109	12.96	31.55	41.77	13.72	0.00	0.00
GCC	110	22.31	37.33	18.50	21.85	0.00	0.00
GCC	111	16.48	11.84	24.06	47.62	0.00	0.00
GCC	112	3.80	42.05	32.54	21.61	0.00	0.00
GCC	113	22.67	17.98	46.45	12.89	0.00	0.00
GCC	114	12.49	24.26	23.82	39.43	0.00	0.00
GCC	115	1.13	24.13	61.33	13.41	0.00	0.00
GCC	116	23.13	26.38	46.89	3.60	0.00	0.00
GCC	117	46.46	37.66	12.44	3.44	0.00	0.00
GCC	118	25.68	28.15	11.78	34.39	0.00	0.00
GCC	119	10.68	58.52	1.35	29.45	0.00	0.00
GCC	120	16.54	39.20	11.93	32.33	0.00	0.00
GCC	121	21.78	18.06	26.69	33.47	0.00	0.00
GCC	122	1.90	57.22	36.42	4.45	0.00	0.00
GCC	123	24.23	37.79	8.13	29.85	0.00	0.00
GCC	124	48.94	44.19	3.70	3.17	0.00	0.00
GCC	125	4.05	55.87	37.24	2.85	0.00	0.00
GCC	126	11.01	5.04	4.39	79.56	0.00	0.00
GCC	127	2.91	55.36	33.54	8.20	0.00	0.00
GCC	128	4.55	56.29	35.95	3.21	0.00	0.00
GCC	129	5.63	18.27	8.02	68.08	0.00	0.00
GCC	130	13.55	20.55	16.51	49.39	0.00	0.00
GCC	131	20.20	48.02	14.69	17.09	0.00	0.00
GCC	132	47.19	20.44	14.59	17.77	0.00	0.00
GCC	133	25.27	19.50	18.83	36.40	0.00	0.00
GCC	134	17.54	20.42	21.65	40.39	0.00	0.00
GCC	135	19.71	9.71	19.24	51.34	0.00	0.00
GCC	136	21.91	43.99	14.99	19.10	0.00	0.00
GCC	137	18.18	21.42	51.64	8.75	0.00	0.00
GCC	138	23.61	22.63	10.64	43.13	0.00	0.00
GCC	139	17.18	52.81	16.69	13.31	0.00	0.00
GCC	140	22.92	44.24	18.32	14.53	0.00	0.00
GCC	141	22.24	20.36	14.82	42.58	0.00	0.00
GCC	142	19.09	28.08	11.83	41.00	0.00	0.00
GCC	143	17.38	23.44	9.64	49.53	0.00	0.00
GCC	144	19.49	52.88	13.83	13.80	0.00	0.00
GCC	145	39.59	21.15	16.48	22.78	0.00	0.00
GCC	146	20.66	11.07	49.02	19.24	0.00	0.00
GCC	147	11.14	51.78	13.39	23.69	0.00	0.00
GCC	148	17.76	14.10	12.49	55.65	0.00	0.00
GCC	149	45.00	21.06	11.74	22.20	0.00	0.00
GCC	150	43.08	19.21	19.36	18.35	0.00	0.00
GCC	151	52.85	15.35	13.65	18.15	0.00	0.00
# ACGT content per cycle, read oriented. Use `grep ^GCT | cut -f 2-` to extract this part. The columns are: cycle; A,C,G,T base counts as a percentage of all A/C/G/T bases [%]
GCT	1	0.24	29.47	26.93	43.37
GCT	2	4.76	37.23	36.02	21.98
GCT	3	36.00	3.49	23.71	36.79
GCT	4	39.15	2.11	1.70	57.05
GCT	5	22.70	35.23	26.06	16.02
GCT	6	11.46	46.87	37.16	4.51
GCT	7	2.20	61.23	36.30	0.27
GCT	8	3.45	21.13	49.72	25.69
GCT	9	53.22	34.15	11.95	0.68
GCT	10	22.57	56.76	4.82	15.86
GCT	11	10.56	38.79	16.97	33.68
GCT	12	21.83	23.81	4.10	50.26
GCT	13	0.87	34.71	42.11	22.31
GCT	14	45.91	19.94	22.37	11.77
GCT	15	24.82	2.23	54.41	18.55
GCT	16	22.85	58.88	15.06	3.21
GCT	17	47.03	0.69	17.66	34.62
GCT	18	32.46	55.34	2.04	10.15
GCT	19	38.33	49.83	10.92	0.92
GCT	20	17.65	37.32	31.69	13.33
GCT	21	22.86	37.04	18.23	21.87
GCT	22	46.42	17.24	35.39	0.95
GCT	23	24.71	2.06	62.18	11.06
GCT	24	53.38	2.81	2.11	41.70
GCT	25	21.28	12.26	47.18	19.28
GCT	26	24.08	2.46	62.54	10.91
GCT	27	40.45	23.40	2.09	34.06
GCT	28	1.90	27.25	38.49	32.36
GCT	29	38.34	58.18	2.45	1.03
GCT	30	52.50	2.05	33.19	12.26
GCT	31	24.13	47.05	17.33	11.49
GCT	32	42.12	27.36	17.31	13.20
GCT	33	22.91	18.66	11.14	47.29
GCT	34	16.45	57.02	23.04	3.49
GCT	35	2.00	41.34	23.78	32.88
GCT	36	36.88	3.58	12.62	46.93
GCT	37	21.88	27.79	46.92	3.41
GCT	38	34.05	1.52	62.37	2.07
GCT	39	43.71	11.77	16.03	28.49
GCT	40	37.38	14.33	26.51	21.78
GCT	41	1.31	23.44	18.55	56.70
GCT	42	21.85	16.04	16.08	46.03
GCT	43	3.07	81.98	14.02	0.93
GCT	44	15.75	80.58	2.48	1.19
GCT	45	25.58	24.84	26.75	22.83
GCT	46	2.19	26.56	32.86	38.39
GCT	47	16.21	16.83	32.22	34.74
GCT	48	13.55	21.73	1.68	63.05
GCT	49	2.33	14.08	37.14	46.45
GCT	50	2.10	46.74	47.97	3.19
GCT	51	0.81	2.34	32.48	64.36
GCT	52	23.24	49.02	26.49	1.25
GCT	53	2.97	13.27	26.53	57.22
GCT	54	12.14	32.77	17.20	37.88
GCT	55	32.11	18.88	12.82	36.20
GCT	56	37.15	32.75	27.48	2.62
GCT	57	2.02	23.11	44.15	30.72
GCT	58	11.41	38.02	47.65	2.92
GCT	59	53.23	12.74	3.12	30.91
GCT	60	31.94	3.29	48.13	16.64
GCT	61	32.65	31.68	12.46	23.21
GCT	62	24.39	40.38	1.98	33.25
GCT	63	23.46	15.97	24.57	36.00
GCT	64	12.69	47.55	17.03	22.73
GCT	65	16.27	22.11	39.03	22.59
GCT	66	26.91	18.54	33.40	21.16
GCT	67	23.58	42.11	12.30	22.01
GCT	68	37.78	13.09	21.26	27.87
GCT	69	41.52	17.00	1.20	40.27
GCT	70	15.74	26.34	34.14	23.78
GCT	71	26.51	31.15	27.19	15.14
GCT	72	12.13	36.29	13.00	38.58
GCT	73	22.27	42.27	13.26	22.20
GCT	74	22.35	26.81	35.69	15.14
GCT	75	67.58	13.31	1.25	17.85
GCT	76	32.94	21.64	31.12	14.31
GCT	77	31.65	26.57	27.94	13.85
GCT	78	30.70	11.20	23.94	34.16
GCT	79	23.47	23.55	51.79	1.19
GCT	80	22.86	56.64	17.91	2.60
GCT	81	22.91	27.16	12.20	37.73
GCT	82	36.54	16.13	23.29	24.04
GCT	83	27.95	22.75	26.77	22.53
GCT	84	31.98	28.57	11.13	28.32
GCT	85	1.74	42.60	32.22	23.44
GCT	86	36.54	23.11	17.61	22.74
GCT	87	36.05	36.77	23.79	3.38
GCT	88	27.11	22.11	26.24	24.53
GCT	89	21.56	16.29	39.15	23.00
GCT	90	26.50	13.87	17.42	42.22
GCT	91	13.10	23.64	41.71	21.56
GCT	92	24.18	50.24	12.37	13.21
GCT	93	36.45	2.97	33.17	27.41
GCT	94	12.24	36.03	35.27	16.46
GCT	95	58.62	11.53	28.32	1.52
GCT	96	48.22	11.72	3.54	36.52
GCT	97	11.73	22.60	42.41	23.27
GCT	98	12.98	31.94	1.89	53.19
GCT	99	12.09	47.53	2.61	37.77
GCT	100	12.61	49.25	16.23	21.91
GCT	101	11.49	16.52	34.38	37.60
GCT	102	23.02	23.13	27.28	26.57
GCT	103	2.28	28.45	22.50	46.78
GCT	104	13.87	11.40	41.32	33.41
GCT	105	26.27	11.75	17.99	43.98
GCT	106	2.44	16.28	24.06	57.22
GCT	107	1.99	33.23	37.76	27.02
GCT	108	16.58	12.05	48.69	22.69
GCT	109	24.86	37.09	36.23	1.81
GCT	110	12.93	31.72	24.11	31.24
GCT	111	12.85	13.03	22.87	51.25
GCT	112	0.97	36.75	37.84	24.45
GCT	113	1.69	41.09	23.34	33.88
GCT	114	25.42	33.70	14.38	26.50
GCT	115	2.68	46.74	38.72	11.85
GCT	116	12.83	10.98	62.29	13.90
GCT	117	26.41	12.82	37.28	23.48
GCT	118	22.54	26.26	13.67	37.52
GCT	119	2.38	20.94	38.94	37.74
GCT	120	26.44	22.27	28.86	22.43
GCT	121	22.35	2.78	41.97	32.90
GCT	122	4.34	3.18	90.46	2.01
GCT	123	1.64	5.31	40.61	52.44
GCT	124	5.52	5.05	42.83	46.60
GCT	125	3.22	34.55	58.56	3.67
GCT	126	82.14	2.96	6.46	8.43
GCT	127	4.53	33.93	54.97	6.58
GCT	128	2.48	32.30	59.94	5.28
GCT	129	67.26	6.67	19.62	6.46
GCT	130	46.51	20.70	16.36	16.43
GCT	131	21.83	15.67	47.04	15.46
GCT	132	18.67	12.17	22.87	46.29
GCT	133	38.84	23.24	15.09	22.83
GCT	134	46.75	19.17	22.91	11.18
GCT	135	40.34	15.33	13.62	30.71
GCT	136	15.32	12.34	46.64	25.70
GCT	137	15.12	59.72	13.35	11.81
GCT	138	41.67	9.48	23.79	25.07
GCT	139	18.09	13.20	56.31	12.40
GCT	140	15.70	15.20	47.36	21.74
GCT	141	45.93	15.78	19.39	18.89
GCT	142	41.29	14.71	25.20	18.80
GCT	143	46.86	8.63	24.46	20.05
GCT	144	16.87	10.24	56.48	16.41
GCT	145	19.93	10.59	27.04	42.45
GCT	146	21.53	42.40	17.70	18.37
GCT	147	19.72	8.36	56.81	15.11
GCT	148	60.76	13.84	12.75	12.65
GCT	149	21.10	11.81	21.00	46.09
GCT	150	18.70	12.14	26.43	42.73
GCT	151	17.29	4.74	24.26	53.72
# ACGT content per cycle for first fragments. Use `grep ^FBC | cut -f 2-` to extract this part. The columns are: cycle; A,C,G,T base counts as a percentage of all A/C/G/T bases [%]; and N and O counts as a percentage of all A/C/G/T bases [%]
FBC	1	0.53	1.78	55.46	42.23	0.01	0.00
FBC	2	1.66	43.48	29.97	24.89	0.01	0.00
FBC	3	71.36	1.80	4.63	22.21	0.01	0.00
FBC	4	31.16	0.63	0.39	67.83	0.01	0.00
FBC	5	41.62	22.59	35.58	0.21	0.00	0.00
FBC	6	24.81	29.66	41.93	3.61	0.01	0.00
FBC	7	0.39	33.64	65.77	0.20	0.01	0.00
FBC	8	1.76	0.32	63.73	34.19	0.00	0.00
FBC	9	72.50	1.96	24.80	0.74	0.01	0.00
FBC	10	0.55	95.87	3.42	0.15	0.00	0.00
FBC	11	24.66	2.10	29.96	43.27	0.00	0.00
FBC	12	0.23	47.73	1.89	50.16	0.00	0.00
FBC	13	0.11	1.98	54.61	43.29	0.00	0.00
FBC	14	50.32	3.34	45.72	0.62	0.00	0.00
FBC	15	24.30	0.86	41.88	32.96	0.00	0.00
FBC	16	41.92	22.05	33.61	2.42	0.00	0.00
FBC	17	5.17	0.60	30.00	64.22	0.00	0.00
FBC	18	20.63	75.06	4.15	0.16	0.00	0.00
FBC	19	2.47	93.11	3.96	0.47	0.00	0.00
FBC	20	33.24	44.39	0.68	21.68	0.00	0.00
FBC	21	42.09	2.99	30.73	24.19	0.00	0.00
FBC	22	0.76	35.24	63.41	0.59	0.00	0.00
FBC	23	43.65	1.28	51.34	3.73	0.00	0.00
FBC	24	62.42	1.24	5.54	30.80	0.00	0.00
FBC	25	3.21	0.88	93.33	2.58	0.00	0.00
FBC	26	0.73	1.01	95.07	3.20	0.00	0.00
FBC	27	53.43	1.22	3.29	42.07	0.00	0.00
FBC	28	2.82	53.42	42.86	0.89	0.00	0.00
FBC	29	71.84	21.31	6.24	0.61	0.00	0.00
FBC	30	35.03	1.40	63.18	0.38	0.00	0.00
FBC	31	44.45	33.13	1.10	21.31	0.00	0.00
FBC	32	42.08	50.80	6.19	0.93	0.00	0.00
FBC	33	42.62	31.88	21.79	3.71	0.00	0.00
FBC	34	3.24	50.80	42.56	3.40	0.00	0.00
FBC	35	1.27	34.34	1.87	62.52	0.00	0.00
FBC	36	30.93	5.42	1.12	62.53	0.00	0.00
FBC	37	45.14	31.76	22.27	0.83	0.00	0.00
FBC	38	44.53	3.74	50.98	0.75	0.00	0.00
FBC	39	46.62	1.37	1.14	50.87	0.00	0.00
FBC	40	42.29	2.92	50.68	4.10	0.00	0.00
FBC	41	1.03	25.70	1.40	71.88	0.00	0.00
FBC	42	25.38	1.75	30.73	42.13	0.00	0.00
FBC	43	2.24	92.91	1.17	3.67	0.00	0.00
FBC	44	1.29	91.86	6.33	0.52	0.00	0.00
FBC	45	1.15	43.93	54.12	0.80	0.00	0.00
FBC	46	0.75	51.51	42.88	4.86	0.00	0.00
FBC	47	3.33	32.45	22.12	42.10	0.00	0.00
FBC	48	24.42	42.67	1.03	31.88	0.00	0.00
FBC	49	1.00	23.51	71.77	3.72	0.00	0.00
FBC	50	1.40	92.44	1.01	5.15	0.00	0.00
FBC	51	3.42	1.49	1.76	93.33	0.00	0.00
FBC	52	42.27	1.47	54.67	1.59	0.00	0.00
FBC	53	2.59	1.28	51.38	44.75	0.00	0.00
FBC	54	4.84	62.53	31.82	0.82	0.00	0.00
FBC	55	62.59	30.56	5.65	1.20	0.00	0.00
FBC	56	75.31	1.28	22.47	0.94	0.00	0.00
FBC	57	1.23	21.63	45.11	32.04	0.00	0.00
FBC	58	22.37	52.24	24.53	0.86	0.00	0.00
FBC	59	41.77	22.02	1.71	34.50	0.00	0.00
FBC	60	42.32	3.91	50.45	3.32	0.00	0.00
FBC	61	0.92	31.14	22.73	45.20	0.00	0.00
FBC	62	22.96	51.26	0.92	24.87	0.00	0.00
FBC	63	43.34	1.58	2.03	53.05	0.00	0.00
FBC	64	22.34	70.62	3.76	3.28	0.00	0.00
FBC	65	29.66	24.55	44.65	1.15	0.00	0.00
FBC	66	23.25	30.67	24.65	21.43	0.00	0.00
FBC	67	43.10	30.32	23.11	3.47	0.00	0.00
FBC	68	43.45	21.96	4.18	30.41	0.00	0.00
FBC	69	45.00	32.57	1.25	21.18	0.00	0.00
FBC	70	4.15	31.11	62.61	2.13	0.00	0.00
FBC	71	33.57	41.37	22.90	2.15	0.00	0.00
FBC	72	24.18	53.05	1.29	21.49	0.00	0.00
FBC	73	43.51	31.94	22.37	2.19	0.00	0.00
FBC	74	42.06	22.38	30.41	5.15	0.00	0.00
FBC	75	42.15	21.28	1.93	34.64	0.00	0.00
FBC	76	41.78	2.69	30.78	24.75	0.00	0.00
FBC	77	43.46	54.69	1.12	0.73	0.00	0.00
FBC	78	31.81	24.65	21.56	21.98	0.00	0.00
FBC	79	42.81	22.69	30.74	3.76	0.00	0.00
FBC	80	23.10	74.43	1.15	1.32	0.00	0.00
FBC	81	23.00	21.54	24.66	30.81	0.00	0.00
FBC	82	45.00	30.66	22.99	1.35	0.00	0.00
FBC	83	52.49	21.38	1.79	24.34	0.00	0.00
FBC	84	42.34	21.85	3.47	32.34	0.00	0.00
FBC	85	3.47	53.07	42.12	1.34	0.00	0.00
FBC	86	34.99	42.72	1.23	21.07	0.00	0.00
FBC	87	23.13	74.59	1.19	1.09	0.00	0.00
FBC	88	26.26	1.60	50.53	21.62	0.00	0.00
FBC	89	42.50	33.03	23.72	0.76	0.00	0.00
FBC	90	30.10	25.35	1.35	43.20	0.00	0.00
FBC	91	21.84	21.72	52.51	3.94	0.00	0.00
FBC	92	42.26	31.77	1.20	24.78	0.00	0.00
FBC	93	21.09	1.33	43.29	34.29	0.00	0.00
FBC	94	20.91	33.78	44.03	1.27	0.00	0.00
FBC	95	71.00	3.92	23.83	1.25	0.00	0.00
FBC	96	22.55	1.17	3.14	73.13	0.00	0.00
FBC	97	22.16	25.85	30.22	21.76	0.00	0.00
FBC	98	20.72	31.58	3.79	43.92	0.00	0.00
FBC	99	0.60	94.47	0.67	4.26	0.00	0.00
FBC	100	20.85	53.56	1.47	24.11	0.00	0.00
FBC	101	0.87	4.05	43.41	51.67	0.00	0.00
FBC	102	21.61	42.37	2.91	33.12	0.00	0.00
FBC	103	1.12	30.31	23.35	45.21	0.00	0.00
FBC	104	22.47	1.24	31.96	44.34	0.00	0.00
FBC	105	0.94	5.25	30.65	63.16	0.00	0.00
FBC	106	0.90	31.14	43.90	24.05	0.00	0.00
FBC	107	1.34	24.23	21.98	52.45	0.00	0.00
FBC	108	1.76	1.22	71.79	25.22	0.00	0.00
FBC	109	22.34	32.41	41.63	3.62	0.00	0.00
FBC	110	1.04	51.47	26.23	21.26	0.00	0.00
FBC	111	0.87	1.36	23.69	74.08	0.00	0.00
FBC	112	3.89	32.03	21.54	42.55	0.00	0.00
FBC	113	2.07	33.78	42.17	21.98	0.00	0.00
FBC	114	1.26	43.92	24.05	30.77	0.00	0.00
FBC	115	1.10	21.74	52.83	24.33	0.00	0.00
FBC	116	21.44	1.58	73.30	3.68	0.00	0.00
FBC	117	50.65	22.53	23.92	2.90	0.00	0.00
FBC	118	21.87	31.05	1.99	45.09	0.00	0.00
FBC	119	1.21	41.95	1.22	55.62	0.00	0.00
FBC	120	31.82	22.89	1.20	44.10	0.00	0.00
FBC	121	17.23	1.16	47.40	34.22	0.00	0.00
FBC	122	3.23	3.74	83.16	9.87	0.00	0.00
FBC	123	3.79	4.70	10.09	81.42	0.00	0.00
FBC	124	10.45	62.13	17.26	10.17	0.00	0.00
FBC	125	15.59	63.05	9.97	11.40	0.00	0.00
FBC	126	62.70	9.85	12.87	14.58	0.00	0.00
FBC	127	11.48	56.97	11.77	19.79	0.00	0.00
FBC	128	18.24	58.36	12.09	11.31	0.00	0.00
FBC	129	13.29	20.74	11.83	54.15	0.00	0.00
FBC	130	10.17	15.59	16.99	57.26	0.00	0.00
FBC	131	8.20	56.80	17.68	17.32	0.00	0.00
FBC	132	56.38	19.44	12.44	11.74	0.00	0.00
FBC	133	19.54	12.53	14.09	53.84	0.00	0.00
FBC	134	9.12	13.30	19.51	58.07	0.00	0.00
FBC	135	21.55	9.03	12.88	56.54	0.00	0.00
FBC	136	23.42	55.79	11.30	9.50	0.00	0.00
FBC	137	14.55	16.45	61.81	7.19	0.00	0.00
FBC	138	18.70	14.93	8.24	58.13	0.00	0.00
FBC	139	12.82	64.80	15.24	7.14	0.00	0.00
FBC	140	13.07	55.53	21.77	9.63	0.00	0.00
FBC	141	22.28	12.60	7.90	57.23	0.00	0.00
FBC	142	18.28	12.62	8.51	60.58	0.00	0.00
FBC	143	7.39	22.57	8.49	61.55	0.00	0.00
FBC	144	15.12	59.84	8.12	16.92	0.00	0.00
FBC	145	51.81	8.17	9.14	30.88	0.00	0.00
FBC	146	7.75	9.03	60.24	22.99	0.00	0.00
FBC	147	6.73	55.86	9.42	27.99	0.00	0.00
FBC	148	14.40	10.50	8.55	66.55	0.00	0.00
FBC	149	59.05	10.29	6.68	23.97	0.00	0.00
FBC	150	55.93	9.48	17.12	17.48	0.00	0.00
FBC	151	60.55	8.65	10.60	20.20	0.00	0.00
# ACGT raw counters for first fragments. Use `grep ^FTC | cut -f 2-` to extract this part. The columns are: A,C,G,T,N base counters
FTC	15577946	17911991	16713829	14408938	565
# ACGT content per cycle for last fragments. Use `grep ^LBC | cut -f 2-` to extract this part. The columns are: cycle; A,C,G,T base counts as a percentage of all A/C/G/T bases [%]; and N and O counts as a percentage of all A/C/G/T bases [%]
LBC	1	41.83	2.11	53.44	2.62	0.02	0.00
LBC	2	21.25	42.35	30.71	5.69	0.00	0.00
LBC	3	49.19	45.54	2.45	2.81	0.00	0.00
LBC	4	50.87	0.90	5.68	42.54	0.00	0.00
LBC	5	30.87	20.61	43.79	4.73	0.00	0.00
LBC	6	2.04	30.06	66.41	1.48	0.00	0.00
LBC	7	1.22	1.15	94.48	3.15	0.00	0.00
LBC	8	20.85	32.84	44.83	1.48	0.00	0.00
LBC	9	2.65	2.32	63.12	31.91	0.00	0.00
LBC	10	32.82	2.76	21.09	43.34	0.00	0.00
LBC	11	20.19	6.27	73.20	0.34	0.03	0.00
LBC	12	52.12	2.00	4.19	41.69	0.02	0.00
LBC	13	0.98	30.59	66.47	1.96	0.03	0.00
LBC	14	22.56	1.82	33.76	41.86	0.03	0.00
LBC	15	0.24	65.71	4.83	29.22	0.01	0.00
LBC	16	5.62	1.04	91.19	2.16	0.00	0.00
LBC	17	3.05	4.11	1.98	90.87	0.00	0.00
LBC	18	21.17	1.22	34.34	43.27	0.00	0.00
LBC	19	3.39	21.79	2.63	72.19	0.00	0.00
LBC	20	4.24	62.89	30.07	2.80	0.00	0.00
LBC	21	21.35	2.93	73.90	1.81	0.00	0.00
LBC	22	1.57	3.13	3.47	91.82	0.00	0.00
LBC	23	22.95	73.31	2.54	1.20	0.00	0.00
LBC	24	49.99	1.64	1.41	46.96	0.00	0.00
LBC	25	30.99	2.28	22.37	44.36	0.00	0.00
LBC	26	24.15	30.66	3.26	41.92	0.00	0.00
LBC	27	23.12	4.38	42.10	30.40	0.00	0.00
LBC	28	64.03	33.38	1.81	0.78	0.00	0.00
LBC	29	3.65	0.95	92.76	2.64	0.00	0.00
LBC	30	22.98	1.95	3.95	71.12	0.00	0.00
LBC	31	3.95	30.32	64.20	1.53	0.00	0.00
LBC	32	23.27	30.81	1.55	44.36	0.00	0.00
LBC	33	93.22	4.20	1.72	0.86	0.00	0.00
LBC	34	1.61	1.74	65.02	31.63	0.00	0.00
LBC	35	4.61	43.49	50.55	1.35	0.00	0.00
LBC	36	30.09	23.80	2.04	44.06	0.00	0.00
LBC	37	0.86	72.29	23.12	3.74	0.00	0.00
LBC	38	1.39	71.28	1.77	25.57	0.00	0.00
LBC	39	2.20	30.12	22.98	44.70	0.00	0.00
LBC	40	42.96	4.19	23.88	28.97	0.00	0.00
LBC	41	42.02	34.71	22.17	1.10	0.00	0.00
LBC	42	44.39	1.10	30.65	23.86	0.00	0.00
LBC	43	0.86	23.19	74.74	1.22	0.00	0.00
LBC	44	1.36	3.31	64.62	30.71	0.00	0.00
LBC	45	42.98	2.10	3.01	51.91	0.00	0.00
LBC	46	72.19	23.09	1.34	3.38	0.00	0.00
LBC	47	21.75	42.06	1.46	34.73	0.00	0.00
LBC	48	94.48	2.15	0.96	2.42	0.00	0.00
LBC	49	91.39	4.13	3.01	1.47	0.00	0.00
LBC	50	0.70	94.25	1.72	3.33	0.00	0.00
LBC	51	30.41	62.08	4.33	3.19	0.00	0.00
LBC	52	1.53	3.40	91.47	3.60	0.00	0.00
LBC	53	72.34	4.10	22.86	0.71	0.00	0.00
LBC	54	73.48	1.90	3.70	20.93	0.00	0.00
LBC	55	72.12	25.54	1.64	0.70	0.00	0.00
LBC	56	1.79	34.43	62.29	1.50	0.00	0.00
LBC	57	30.15	42.90	24.88	2.07	0.00	0.00
LBC	58	2.07	73.04	21.54	3.36	0.00	0.00
LBC	59	30.40	2.75	5.23	61.62	0.00	0.00
LBC	60	30.09	45.02	3.46	21.42	0.00	0.00
LBC	61	1.35	1.78	32.62	64.25	0.00	0.00
LBC	62	42.37	1.83	30.69	25.10	0.00	0.00
LBC	63	21.09	44.78	32.69	1.44	0.00	0.00
LBC	64	42.02	31.13	23.65	3.20	0.00	0.00
LBC	65	42.28	30.82	22.27	4.63	0.00	0.00
LBC	66	21.30	43.51	5.03	30.16	0.00	0.00
LBC	67	43.05	4.01	51.38	1.57	0.00	0.00
LBC	68	26.65	41.62	0.95	30.78	0.00	0.00
LBC	69	53.54	1.54	1.04	43.88	0.00	0.00
LBC	70	42.81	2.83	24.40	29.96	0.00	0.00
LBC	71	22.72	30.77	21.65	24.87	0.00	0.00
LBC	72	52.18	22.36	21.88	3.58	0.00	0.00
LBC	73	42.37	3.50	53.26	0.87	0.00	0.00
LBC	74	23.92	41.44	30.78	3.86	0.00	0.00
LBC	75	3.57	3.66	2.27	90.51	0.00	0.00
LBC	76	3.66	31.13	40.92	24.29	0.00	0.00
LBC	77	24.28	51.75	1.44	22.53	0.00	0.00
LBC	78	43.86	22.46	1.61	32.07	0.00	0.00
LBC	79	2.02	74.92	22.33	0.73	0.00	0.00
LBC	80	1.09	31.38	42.14	25.39	0.00	0.00
LBC	81	43.25	1.85	30.67	24.23	0.00	0.00
LBC	82	44.29	21.23	3.94	30.53	0.00	0.00
LBC	83	22.50	54.07	21.80	1.63	0.00	0.00
LBC	84	21.87	21.62	32.46	24.05	0.00	0.00
LBC	85	42.21	23.58	30.87	3.34	0.00	0.00
LBC	86	20.55	35.56	1.93	41.97	0.00	0.00
LBC	87	2.92	43.97	1.38	51.73	0.00	0.00
LBC	88	22.70	2.22	42.36	32.72	0.00	0.00
LBC	89	42.72	52.10	2.03	3.15	0.00	0.00
LBC	90	42.20	32.81	3.06	21.92	0.00	0.00
LBC	91	42.02	32.55	23.91	1.52	0.00	0.00
LBC	92	5.49	23.29	68.98	2.24	0.00	0.00
LBC	93	22.60	26.50	1.15	49.75	0.00	0.00
LBC	94	33.18	23.59	41.17	2.06	0.00	0.00
LBC	95	3.21	30.50	21.47	44.83	0.00	0.00
LBC	96	0.99	1.58	24.64	72.79	0.00	0.00
LBC	97	22.11	52.69	21.26	3.94	0.00	0.00
LBC	98	64.37	2.62	29.68	3.32	0.00	0.00
LBC	99	73.00	1.77	3.30	21.93	0.00	0.00
LBC	100	21.73	33.24	42.71	2.32	0.00	0.00
LBC	101	21.10	23.34	31.02	24.54	0.00	0.00
LBC	102	22.74	53.88	1.68	21.70	0.00	0.00
LBC	103	50.10	24.35	23.87	1.68	0.00	0.00
LBC	104	21.68	50.98	21.33	6.00	0.00	0.00
LBC	105	22.84	2.22	21.33	53.60	0.00	0.00
LBC	106	90.97	3.42	2.07	3.54	0.00	0.00
LBC	107	1.49	53.63	42.22	2.66	0.00	0.00
LBC	108	22.17	27.11	21.28	29.44	0.00	0.00
LBC	109	3.54	30.69	41.91	23.86	0.00	0.00
LBC	110	43.68	23.14	10.74	22.45	0.00	0.00
LBC	111	32.16	22.36	24.43	21.05	0.00	0.00
LBC	112	3.72	52.10	43.57	0.61	0.00	0.00
LBC	113	43.32	2.15	50.75	3.78	0.00	0.00
LBC	114	23.74	4.53	23.60	48.13	0.00	0.00
LBC	115	1.16	26.54	69.86	2.44	0.00	0.00
LBC	116	24.84	51.33	20.32	3.51	0.00	0.00
LBC	117	42.25	52.87	0.90	3.98	0.00	0.00
LBC	118	29.49	25.24	21.62	23.64	0.00	0.00
LBC	119	20.12	75.04	1.48	3.36	0.00	0.00
LBC	120	1.22	55.57	22.69	20.52	0.00	0.00
LBC	121	27.04	37.61	2.75	32.61	0.00	0.00
LBC	122	1.06	91.29	6.65	1.00	0.00	0.00
LBC	123	35.59	56.19	7.04	1.18	0.00	0.00
LBC	124	53.43	42.10	2.12	2.35	0.00	0.00
LBC	125	2.76	55.07	40.27	1.90	0.00	0.00
LBC	126	5.37	4.52	3.46	86.66	0.00	0.00
LBC	127	1.97	55.18	35.92	6.93	0.00	0.00
LBC	128	2.93	56.05	38.77	2.25	0.00	0.00
LBC	129	3.38	17.54	6.91	72.17	0.00	0.00
LBC	130	17.30	26.05	15.99	40.65	0.00	0.00
LBC	131	38.33	34.75	10.18	16.74	0.00	0.00
LBC	132	32.48	22.04	18.05	27.43	0.00	0.00
LBC	133	34.48	30.70	26.44	8.38	0.00	0.00
LBC	134	31.10	31.89	25.10	11.91	0.00	0.00
LBC	135	16.73	10.81	29.50	42.96	0.00	0.00
LBC	136	19.47	24.89	20.97	34.67	0.00	0.00
LBC	137	24.10	29.52	35.10	11.28	0.00	0.00
LBC	138	31.66	35.25	14.56	18.52	0.00	0.00
LBC	139	24.37	33.07	19.09	23.48	0.00	0.00
LBC	140	39.33	25.42	12.56	22.69	0.00	0.00
LBC	141	22.19	33.39	26.44	17.99	0.00	0.00
LBC	142	20.49	54.64	17.53	7.34	0.00	0.00
LBC	143	34.75	24.96	11.66	28.64	0.00	0.00
LBC	144	27.31	40.41	24.08	8.20	0.00	0.00
LBC	145	17.16	44.97	29.97	7.90	0.00	0.00
LBC	146	45.27	14.96	27.67	12.11	0.00	0.00
LBC	147	19.74	43.82	21.13	15.32	0.00	0.00
LBC	148	24.41	21.24	20.29	34.07	0.00	0.00
LBC	149	16.38	42.99	22.05	18.58	0.00	0.00
LBC	150	14.15	41.13	24.40	20.32	0.00	0.00
LBC	151	19.33	44.55	26.90	9.22	0.00	0.00
# ACGT raw counters for last fragments. Use `grep ^LTC | cut -f 2-` to extract this part. The columns are: A,C,G,T,N base counters
LTC	17735214	17365988	16862735	13807998	1275
# Insert sizes. Use `grep ^IS | cut -f 2-` to extract this part. The columns are: insert size, pairs total, inward oriented pairs, outward oriented pairs, other pairs
IS	0	0	0	0	0
IS	1	0	0	0	0
IS	2	2	0	2	0
IS	3	1	0	1	0
IS	4	1	0	1	0
IS	5	1	0	1	0
IS	6	0	0	0	0
IS	7	1	0	1	0
IS	8	0	0	0	0
IS	9	1	0	1	0
IS	10	2	0	2	0
IS	11	1	0	1	0
IS	12	0	0	0	0
IS	13	2	0	2	0
IS	14	2	0	2	0
IS	15	9	0	9	0
IS	16	1	0	1	0
IS	17	1	0	1	0
IS	18	1	0	1	0
IS	19	758	325	433	0
IS	20	717	648	69	0
IS	21	1775	1468	307	0
IS	22	1323	123	1200	0
IS	23	153	17	136	0
IS	24	18	9	9	0
IS	25	23	1	22	0
IS	26	258	2	256	0
IS	27	7	2	5	0
IS	28	48	4	44	0
IS	29	7	4	3	0
IS	30	5	1	4	0
IS	31	7	4	3	0
IS	32	5	4	1	0
IS	33	234	228	6	0
IS	34	4	0	4	0
IS	35	14	12	2	0
IS	36	21	0	21	0
IS	37	43	40	3	0
IS	38	141	70	71	0
IS	39	6	4	2	0
IS	40	138	103	35	0
IS	41	65	8	57	0
IS	42	169	166	3	0
IS	43	63	62	1	0
IS	44	297	295	2	0
IS	45	196	160	36	0
IS	46	70	61	9	0
IS	47	55	29	26	0
IS	48	18	9	9	0
IS	49	48	18	30	0
IS	50	7	5	2	0
IS	51	35	32	3	0
IS	52	163	53	110	0
IS	53	19	1	18	0
IS	54	23	8	15	0
IS	55	42	40	2	0
IS	56	23	8	15	0
IS	57	166	87	79	0
IS	58	317	52	265	0
IS	59	15	11	4	0
IS	60	22	16	6	0
IS	61	115	7	108	0
IS	62	40	37	3	0
IS	63	31	11	20	0
IS	64	33	13	20	0
IS	65	133	66	67	0
IS	66	29	27	2	0
IS	67	19	2	17	0
IS	68	65	9	56	0
IS	69	2497	85	2412	0
IS	70	22	22	0	0
IS	71	4	3	1	0
IS	72	6	6	0	0
IS	73	66	62	4	0
IS	74	24	7	17	0
IS	75	98	95	3	0
IS	76	31	30	1	0
IS	77	91	21	70	0
IS	78	67	65	2	0
IS	79	41	8	33	0
IS	80	150	148	2	0
IS	81	11	10	1	0
IS	82	16	2	14	0
IS	83	36	8	28	0
IS	84	26	13	13	0
IS	85	12	11	1	0
IS	86	30	21	9	0
IS	87	20	10	10	0
IS	88	44	15	29	0
IS	89	6	5	1	0
IS	90	8	8	0	0
IS	91	54	51	3	0
IS	92	169	65	104	0
IS	93	19	18	1	0
IS	94	16	14	2	0
IS	95	10	8	2	0
IS	96	26	13	13	0
IS	97	99	98	1	0
IS	98	62	40	22	0
IS	99	26	10	16	0
IS	100	24	20	4	0
IS	101	336	326	10	0
IS	102	109	45	64	0
IS	103	71	13	58	0
IS	104	237	18	219	0
IS	105	10	10	0	0
IS	106	141	140	1	0
IS	107	18	11	7	0
IS	108	26	26	0	0
IS	109	20	19	1	0
IS	110	8	8	0	0
IS	111	32	11	21	0
IS	112	87	77	10	0
IS	113	19	19	0	0
IS	114	43	36	7	0
IS	115	23	20	3	0
IS	116	38	25	13	0
IS	117	18	17	1	0
IS	118	110	16	94	0
IS	119	62	26	36	0
IS	120	31	19	12	0
IS	121	26	18	8	0
IS	122	33	31	2	0
IS	123	125	119	6	0
IS	124	40	40	0	0
IS	125	98	33	65	0
IS	126	110	96	14	0
IS	127	165	92	73	0
IS	128	92	88	4	0
IS	129	31	30	1	0
IS	130	111	65	46	0
IS	131	160	143	17	0
IS	132	114	108	6	0
IS	133	56	37	19	0
IS	134	884	569	315	0
IS	135	79	69	10	0
IS	136	216091	215573	518	0
IS	137	49	33	16	0
IS	138	788	314	474	0
IS	139	145	50	95	0
IS	140	63	51	12	0
IS	141	32	31	1	0
IS	142	37	36	1	0
IS	143	87	83	4	0
IS	144	34	32	2	0
IS	145	71	70	1	0
IS	146	30	28	2	0
IS	147	20	20	0	0
IS	148	44	44	0	0
IS	149	58	58	0	0
IS	150	83	83	0	0
IS	151	126	126	0	0
IS	152	48	47	1	0
IS	153	150	150	0	0
IS	154	8660	8657	3	0
IS	155	82	80	2	0
IS	156	264	262	2	0
IS	157	69	56	13	0
IS	158	80	71	9	0
IS	159	238	238	0	0
IS	160	130	123	7	0
IS	161	116	115	1	0
IS	162	85	76	9	0
IS	163	150	150	0	0
IS	164	105156	105154	2	0
IS	165	101	98	3	0
IS	166	779	758	21	0
IS	167	71	71	0	0
IS	168	105	105	0	0
IS	169	141	141	0	0
IS	170	42	42	0	0
IS	171	32	32	0	0
IS	172	63	63	0	0
IS	173	85	85	0	0
IS	174	53	53	0	0
IS	175	11945	11945	0	0
IS	176	207	207	0	0
IS	177	182	182	0	0
IS	178	138	138	0	0
IS	179	91	91	0	0
IS	180	117	117	0	0
IS	181	68	68	0	0
IS	182	74	74	0	0
IS	183	359	359	0	0
IS	184	186	186	0	0
IS	185	851	851	0	0
IS	186	90	90	0	0
IS	187	192	192	0	0
IS	188	151268	151268	0	0
IS	189	87	87	0	0
IS	190	746	746	0	0
IS	191	825	825	0	0
IS	192	43	43	0	0
IS	193	50	50	0	0
IS	194	45	45	0	0
IS	195	42	42	0	0
IS	196	286	286	0	0
IS	197	52	52	0	0
IS	198	45	45	0	0
IS	199	82	82	0	0
IS	200	117	117	0	0
IS	201	96	96	0	0
IS	202	112	112	0	0
IS	203	257	257	0	0
IS	204	106	106	0	0
IS	205	199	199	0	0
IS	206	89	89	0	0
IS	207	45	45	0	0
IS	208	55	55	0	0
IS	209	39	39	0	0
IS	210	1667	1667	0	0
# Read lengths. Use `grep ^RL | cut -f 2-` to extract this part. The columns are: read length, count
RL	50	4
RL	51	5
RL	52	3
RL	53	7
RL	54	4
RL	55	6
RL	56	4
RL	57	5
RL	58	8
RL	59	5
RL	60	9
RL	61	10
RL	62	5
RL	63	8
RL	64	38
RL	65	7
RL	66	12
RL	67	6
RL	68	7
RL	69	9
RL	70	7
RL	71	7
RL	72	47
RL	73	45
RL	74	21
RL	75	19
RL	76	29
RL	77	14
RL	78	54
RL	79	26
RL	80	29
RL	81	32
RL	82	13
RL	83	10
RL	84	29
RL	85	26
RL	86	59
RL	87	57
RL	88	72
RL	89	75
RL	90	91
RL	91	83
RL	92	37
RL	93	108
RL	94	128
RL	95	92
RL	96	139
RL	97	112
RL	98	185
RL	99	229
RL	100	266
RL	101	385
RL	102	408
RL	103	246
RL	104	335
RL	105	216
RL	106	711
RL	107	695
RL	108	468
RL	109	544
RL	110	671
RL	111	876
RL	112	993
RL	113	959
RL	114	593
RL	115	1784
RL	116	2358
RL	117	2141
RL	118	7693
RL	119	16159
RL	120	127423
RL	121	401571
RL	122	26394
RL	123	130562
RL	124	6187
RL	125	4352
RL	126	1540
RL	127	22570
RL	128	154957
RL	129	76909
RL	130	7456
RL	131	1289
RL	132	146
RL	133	134
RL	134	166
RL	135	135
RL	136	178
RL	137	261
RL	138	191
RL	139	311
RL	140	234
RL	141	531
RL	142	380
RL	143	636
RL	144	513
RL	145	737
RL	146	565
RL	147	676
RL	148	1364
RL	149	2708
RL	150	9422
RL	151	29621
# Read lengths - first fragments. Use `grep ^FRL | cut -f 2-` to extract this part. The columns are: read length, count
FRL	50	3
FRL	51	5
FRL	52	1
FRL	53	7
FRL	54	1
FRL	55	4
FRL	56	3
FRL	57	4
FRL	58	2
FRL	59	2
FRL	60	7
FRL	61	7
FRL	62	3
FRL	63	3
FRL	64	4
FRL	65	1
FRL	66	4
FRL	67	1
FRL	68	1
FRL	69	5
FRL	70	4
FRL	71	4
FRL	72	31
FRL	73	32
FRL	74	6
FRL	75	9
FRL	76	10
FRL	77	6
FRL	78	8
FRL	79	4
FRL	80	16
FRL	81	27
FRL	82	5
FRL	83	5
FRL	84	12
FRL	85	5
FRL	86	11
FRL	87	13
FRL	88	19
FRL	89	16
FRL	90	6
FRL	91	17
FRL	92	2
FRL	93	9
FRL	94	6
FRL	95	16
FRL	96	51
FRL	97	6
FRL	98	20
FRL	99	26
FRL	100	27
FRL	101	55
FRL	102	159
FRL	103	26
FRL	104	128
FRL	105	49
FRL	106	519
FRL	107	118
FRL	108	211
FRL	109	321
FRL	110	461
FRL	111	630
FRL	112	721
FRL	113	250
FRL	114	247
FRL	115	324
FRL	116	1547
FRL	117	985
FRL	118	5844
FRL	119	6435
FRL	120	32477
FRL	121	286184
FRL	122	24740
FRL	123	128665
FRL	124	2009
FRL	125	934
FRL	126	91
FRL	127	130
FRL	128	130
FRL	129	207
FRL	130	110
FRL	131	95
FRL	132	50
FRL	133	54
FRL	134	79
FRL	135	43
FRL	136	62
FRL	137	67
FRL	138	70
FRL	139	61
FRL	140	68
FRL	141	79
FRL	142	114
FRL	143	87
FRL	144	74
FRL	145	112
FRL	146	141
FRL	147	296
FRL	148	646
FRL	149	966
FRL	150	2945
FRL	151	24090
# Read lengths - last fragments. Use `grep ^LRL | cut -f 2-` to extract this part. The columns are: read length, count
LRL	50	1
LRL	52	2
LRL	54	3
LRL	55	2
LRL	56	1
LRL	57	1
LRL	58	6
LRL	59	3
LRL	60	2
LRL	61	3
LRL	62	2
LRL	63	5
LRL	64	34
LRL	65	6
LRL	66	8
LRL	67	5
LRL	68	6
LRL	69	4
LRL	70	3
LRL	71	3
LRL	72	16
LRL	73	13
LRL	74	15
LRL	75	10
LRL	76	19
LRL	77	8
LRL	78	46
LRL	79	22
LRL	80	13
LRL	81	5
LRL	82	8
LRL	83	5
LRL	84	17
LRL	85	21
LRL	86	48
LRL	87	44
LRL	88	53
LRL	89	59
LRL	90	85
LRL	91	66
LRL	92	35
LRL	93	99
LRL	94	122
LRL	95	76
LRL	96	88
LRL	97	106
LRL	98	165
LRL	99	203
LRL	100	239
LRL	101	330
LRL	102	249
LRL	103	220
LRL	104	207
LRL	105	167
LRL	106	192
LRL	107	577
LRL	108	257
LRL	109	223
LRL	110	210
LRL	111	246
LRL	112	272
LRL	113	709
LRL	114	346
LRL	115	1460
LRL	116	811
LRL	117	1156
LRL	118	1849
LRL	119	9724
LRL	120	94946
LRL	121	115387
LRL	122	1654
LRL	123	1897
LRL	124	4178
LRL	125	3418
LRL	126	1449
LRL	127	22440
LRL	128	154827
LRL	129	76702
LRL	130	7346
LRL	131	1194
LRL	132	96
LRL	133	80
LRL	134	87
LRL	135	92
LRL	136	116
LRL	137	194
LRL	138	121
LRL	139	250
LRL	140	166
LRL	141	452
LRL	142	266
LRL	143	549
LRL	144	439
LRL	145	625
LRL	146	424
LRL	147	380
LRL	148	718
LRL	149	1742
LRL	150	6477
LRL	151	5531
# Mapping qualities for reads !(UNMAP|SECOND|SUPPL|QCFAIL|DUP). Use `grep ^MAPQ | cut -f 2-` to extract this part. The columns are: mapq, count
MAPQ	30	4331
MAPQ	31	1034
MAPQ	32	2
MAPQ	33	873
MAPQ	34	3
MAPQ	35	10
MAPQ	36	3794
MAPQ	37	59
MAPQ	38	4
MAPQ	39	75
MAPQ	40	345
MAPQ	41	159
MAPQ	42	135
MAPQ	43	78
MAPQ	44	53
MAPQ	45	86
MAPQ	46	121
MAPQ	47	43
MAPQ	48	139
MAPQ	49	61
MAPQ	50	60
MAPQ	51	47
MAPQ	52	71
MAPQ	53	80
MAPQ	54	371
MAPQ	55	63
MAPQ	56	77
MAPQ	57	251
MAPQ	58	120
MAPQ	59	73
MAPQ	60	1038039
# Indel distribution. Use `grep ^ID | cut -f 2-` to extract this part. The columns are: length, number of insertions, number of deletions
ID	1	782	6033
ID	2	45	318
ID	3	15	42
ID	4	23	1348
ID	5	2	14
ID	6	14	2
ID	7	0	1
ID	8	0	22
ID	9	1	3
ID	10	0	6
ID	12	0	9
ID	13	0	2
ID	14	0	12
ID	15	0	211442
ID	16	0	17
ID	17	0	5
# Indels per cycle. Use `grep ^IC | cut -f 2-` to extract this part. The columns are: cycle, number of insertions (fwd), .. (rev) , number of deletions (fwd), .. (rev)
IC	3	0	0	2	4
IC	4	6	9	12	20
IC	5	0	65	35	32
IC	6	9	160	49	24
IC	7	7	0	20	14
IC	8	2	0	19	444
IC	9	6	6	7	102
IC	10	4	60	13	15
IC	11	1	13	4	34
IC	12	2	3	7	111
IC	13	0	5	49	1
IC	14	1	11	17	97
IC	15	0	12	1280	14
IC	16	0	1	18	8
IC	17	3	17	271	8
IC	18	0	0	4	69
IC	19	0	0	18	36
IC	20	0	0	8	24
IC	21	3	4	22	6
IC	22	1	1	18	6
IC	23	0	0	3	46
IC	24	1	1	91	4
IC	25	0	1	6	22
IC	26	0	0	3	5
IC	27	0	1	9	34
IC	28	0	0	14	23
IC	29	1	1	8	4
IC	30	1	0	456	2
IC	31	30	1	0	17
IC	32	0	0	71	13
IC	33	0	0	0	6
IC	34	7	0	12	2
IC	35	0	0	7	1
IC	36	2	2	219	5
IC	37	4	0	29	4
IC	38	0	0	7	115
IC	39	0	1	0	17
IC	40	1	2	12	99
IC	41	10	13	9	87
IC	42	1	2	37	2
IC	43	1	11	2	15
IC	44	0	2	2	33
IC	45	1	27	3	17
IC	46	1	1	14	1
IC	47	53	1	28	3
IC	48	3	1	14	49
IC	49	0	1	7	5
IC	50	0	4	2	19
IC	51	1	1	239	9
IC	52	0	0	7	37
IC	53	0	1	12	2
IC	54	0	1	46	81
IC	55	0	0	538	12
IC	56	1	3	561	4
IC	57	1	1	105386	34
IC	58	2	1	449	13
IC	59	2	2	160	20
IC	60	0	1	24	14
IC	61	2	4	9	108
IC	62	4	3	39	53
IC	63	1	6	13	770
IC	64	0	4	9	102057
IC	65	0	2	15	631
IC	66	3	1	43	182
IC	67	1	0	16	11
IC	68	0	1	50	12
IC	69	0	1	34	6
IC	70	0	1	30	4
IC	71	1	3	14	6
IC	72	1	0	7	5
IC	73	0	1	29	90
IC	74	2	60	4	5
IC	75	0	0	15	10
IC	76	6	0	26	10
IC	77	11	1	19	79
IC	78	9	2	9	15
IC	79	1	0	107	13
IC	80	1	1	3	7
IC	81	0	0	57	9
IC	82	0	6	2	9
IC	83	1	1	16	1
IC	84	0	0	2	87
IC	85	0	0	8	3
IC	86	1	5	10	3
IC	87	2	1	16	44
IC	88	0	2	1	6
IC	89	0	2	5	10
IC	90	0	0	18	93
IC	91	0	0	14	10
IC	92	0	2	14	22
IC	93	20	0	8	103
IC	94	1	1	40	386
IC	95	3	7	12	37
IC	96	1	2	13	9
IC	97	1	3	19	1
IC	98	3	0	2	14
IC	99	0	2	5	107
IC	100	0	2	51	0
IC	101	1	0	9	12
IC	102	1	0	130	6
IC	103	2	0	12	97
IC	104	0	2	1	5
IC	105	0	0	1	47
IC	106	0	3	32	2
IC	107	2	0	31	20
IC	108	0	1	2	6
IC	109	0	0	4	1
IC	110	2	0	23	2
IC	111	0	0	49	10
IC	112	1	1	220	19
IC	113	24	1	10	8
IC	114	0	1	67	6
IC	115	0	0	33	32
IC	116	0	2	33	6
IC	117	1	3	1	2
IC	118	0	6	2	42
IC	119	0	0	0	23
IC	120	0	0	0	18
IC	121	0	0	0	8
IC	122	0	0	0	3
IC	123	0	0	0	7
IC	124	0	0	1	1
IC	125	0	1	1	7
IC	126	0	0	2	2
IC	127	0	0	6	32
IC	129	0	0	4	0
IC	130	0	1	0	1
IC	131	0	0	1	1
IC	133	0	0	2	2
IC	134	0	0	7	0
IC	136	0	0	0	1
IC	137	0	0	13	1
IC	139	0	0	2	0
IC	142	0	0	3	0
IC	143	0	0	0	2
IC	144	0	0	1	0
IC	145	0	0	0	1
IC	146	0	0	1	1
IC	147	0	1	1	0
IC	148	2	0	0	0
# Coverage distribution. Use `grep ^COV | cut -f 2-` to extract this part.
COV	[1-1]	1	1883
COV	[2-2]	2	1118
COV	[3-3]	3	530
COV	[4-4]	4	1608
COV	[5-5]	5	851
COV	[6-6]	6	1909
COV	[7-7]	7	733
COV	[8-8]	8	1106
COV	[9-9]	9	394
COV	[10-10]	10	908
COV	[11-11]	11	708
COV	[12-12]	12	698
COV	[13-13]	13	509
COV	[14-14]	14	674
COV	[15-15]	15	312
COV	[16-16]	16	340
COV	[17-17]	17	92
COV	[18-18]	18	662
COV	[19-19]	19	422
COV	[20-20]	20	946
COV	[21-21]	21	93
COV	[22-22]	22	449
COV	[23-23]	23	155
COV	[24-24]	24	238
COV	[25-25]	25	212
COV	[26-26]	26	427
COV	[27-27]	27	151
COV	[28-28]	28	741
COV	[29-29]	29	101
COV	[30-30]	30	445
COV	[31-31]	31	197
COV	[32-32]	32	238
COV	[33-33]	33	55
COV	[34-34]	34	220
COV	[35-35]	35	23
COV	[36-36]	36	81
COV	[37-37]	37	537
COV	[38-38]	38	317
COV	[39-39]	39	107
COV	[40-40]	40	159
COV	[41-41]	41	118
COV	[42-42]	42	285
COV	[43-43]	43	43
COV	[44-44]	44	112
COV	[45-45]	45	76
COV	[46-46]	46	387
COV	[47-47]	47	109
COV	[48-48]	48	214
COV	[49-49]	49	236
COV	[50-50]	50	191
COV	[51-51]	51	73
COV	[52-52]	52	396
COV	[53-53]	53	70
COV	[54-54]	54	50
COV	[55-55]	55	67
COV	[56-56]	56	47
COV	[57-57]	57	5
COV	[58-58]	58	126
COV	[59-59]	59	41
COV	[60-60]	60	136
COV	[61-61]	61	50
COV	[62-62]	62	202
COV	[63-63]	63	4
COV	[64-64]	64	37
COV	[65-65]	65	13
COV	[66-66]	66	195
COV	[67-67]	67	17
COV	[68-68]	68	127
COV	[69-69]	69	2
COV	[70-70]	70	24
COV	[71-71]	71	10
COV	[72-72]	72	123
COV	[73-73]	73	11
COV	[74-74]	74	9
COV	[75-75]	75	12
COV	[76-76]	76	247
COV	[77-77]	77	4
COV	[78-78]	78	54
COV	[79-79]	79	22
COV	[80-80]	80	74
COV	[81-81]	81	133
COV	[82-82]	82	128
COV	[83-83]	83	24
COV	[84-84]	84	4
COV	[85-85]	85	3
COV	[86-86]	86	5
COV	[87-87]	87	6
COV	[89-89]	89	17
COV	[90-90]	90	63
COV	[91-91]	91	67
COV	[92-92]	92	78
COV	[93-93]	93	60
COV	[94-94]	94	231
COV	[95-95]	95	45
COV	[96-96]	96	62
COV	[97-97]	97	26
COV	[98-98]	98	132
COV	[99-99]	99	24
COV	[100-100]	100	164
COV	[101-101]	101	74
COV	[102-102]	102	319
COV	[104-104]	104	5
COV	[105-105]	105	1
COV	[106-106]	106	43
COV	[107-107]	107	7
COV	[108-108]	108	34
COV	[109-109]	109	17
COV	[110-110]	110	41
COV	[111-111]	111	16
COV	[112-112]	112	1
COV	[113-113]	113	5
COV	[114-114]	114	16
COV	[115-115]	115	3
COV	[116-116]	116	5
COV	[117-117]	117	4
COV	[118-118]	118	6
COV	[119-119]	119	3
COV	[120-120]	120	42
COV	[121-121]	121	189
COV	[122-122]	122	188
COV	[123-123]	123	42
COV	[124-124]	124	31
COV	[125-125]	125	9
COV	[126-126]	126	5
COV	[127-127]	127	2
COV	[128-128]	128	7
COV	[129-129]	129	4
COV	[130-130]	130	220
COV	[132-132]	132	42
COV	[133-133]	133	10
COV	[134-134]	134	53
COV	[136-136]	136	2
COV	[137-137]	137	1
COV	[138-138]	138	13
COV	[139-139]	139	1
COV	[140-140]	140	12
COV	[141-141]	141	22
COV	[142-142]	142	66
COV	[144-144]	144	3
COV	[145-145]	145	2
COV	[146-146]	146	17
COV	[147-147]	147	22
COV	[148-148]	148	13
COV	[149-149]	149	68
COV	[150-150]	150	5
COV	[152-152]	152	5
COV	[153-153]	153	2
COV	[154-154]	154	10
COV	[156-156]	156	7
COV	[157-157]	157	13
COV	[158-158]	158	5
COV	[161-161]	161	2
COV	[163-163]	163	1
COV	[164-164]	164	6
COV	[166-166]	166	6
COV	[167-167]	167	2
COV	[168-168]	168	3
COV	[169-169]	169	5
COV	[170-170]	170	9
COV	[171-171]	171	1
COV	[172-172]	172	13
COV	[173-173]	173	2
COV	[174-174]	174	69
COV	[175-175]	175	8
COV	[176-176]	176	11
COV	[177-177]	177	5
COV	[178-178]	178	7
COV	[179-179]	179	57
COV	[180-180]	180	127
COV	[181-181]	181	55
COV	[182-182]	182	121
COV	[183-183]	183	10
COV	[185-185]	185	2
COV	[186-186]	186	26
COV	[187-187]	187	1
COV	[190-190]	190	3
COV	[191-191]	191	6
COV	[192-192]	192	11
COV	[193-193]	193	4
COV	[194-194]	194	46
COV	[195-195]	195	7
COV	[196-196]	196	30
COV	[197-197]	197	58
COV	[198-198]	198	116
COV	[199-199]	199	2
COV	[200-200]	200	2
COV	[202-202]	202	3
COV	[203-203]	203	4
COV	[204-204]	204	2
COV	[205-205]	205	8
COV	[206-206]	206	7
COV	[207-207]	207	19
COV	[208-208]	208	28
COV	[209-209]	209	3
COV	[212-212]	212	89
COV	[213-213]	213	14
COV	[214-214]	214	15
COV	[215-215]	215	12
COV	[217-217]	217	10
COV	[218-218]	218	13
COV	[219-219]	219	19
COV	[220-220]	220	13
COV	[221-221]	221	111
COV	[222-222]	222	46
COV	[225-225]	225	2
COV	[226-226]	226	1
COV	[227-227]	227	6
COV	[228-228]	228	37
COV	[235-235]	235	1
COV	[236-236]	236	1
COV	[238-238]	238	2
COV	[239-239]	239	3
COV	[240-240]	240	12
COV	[241-241]	241	23
COV	[242-242]	242	15
COV	[249-249]	249	2
COV	[251-251]	251	8
COV	[252-252]	252	19
COV	[253-253]	253	79
COV	[254-254]	254	14
COV	[262-262]	262	1
COV	[267-267]	267	1
COV	[274-274]	274	1
COV	[290-290]	290	1
COV	[302-302]	302	1
COV	[305-305]	305	1
COV	[306-306]	306	2
COV	[307-307]	307	1
COV	[308-308]	308	2
COV	[309-309]	309	1
COV	[310-310]	310	2
COV	[311-311]	311	5
COV	[312-312]	312	64
COV	[320-320]	320	1
COV	[327-327]	327	1
COV	[330-330]	330	2
COV	[331-331]	331	2
COV	[332-332]	332	3
COV	[333-333]	333	2
COV	[335-335]	335	10
COV	[336-336]	336	30
COV	[337-337]	337	1
COV	[345-345]	345	1
COV	[346-346]	346	2
COV	[347-347]	347	2
COV	[348-348]	348	2
COV	[351-351]	351	3
COV	[352-352]	352	5
COV	[353-353]	353	3
COV	[354-354]	354	4
COV	[355-355]	355	3
COV	[356-356]	356	23
COV	[357-357]	357	7
COV	[358-358]	358	1
COV	[359-359]	359	2
COV	[363-363]	363	1
COV	[365-365]	365	2
COV	[370-370]	370	1
COV	[371-371]	371	2
COV	[373-373]	373	2
COV	[374-374]	374	2
COV	[375-375]	375	1
COV	[376-376]	376	6
COV	[381-381]	381	1
COV	[384-384]	384	1
COV	[387-387]	387	1
COV	[388-388]	388	2
COV	[389-389]	389	1
COV	[392-392]	392	1
COV	[398-398]	398	2
COV	[401-401]	401	1
COV	[409-409]	409	1
COV	[411-411]	411	2
COV	[412-412]	412	2
COV	[414-414]	414	1
COV	[417-417]	417	4
COV	[418-418]	418	5
COV	[419-419]	419	96
COV	[420-420]	420	2
COV	[438-438]	438	1
COV	[443-443]	443	2
COV	[447-447]	447	1
COV	[448-448]	448	1
COV	[450-450]	450	4
COV	[451-451]	451	1
COV	[454-454]	454	1
COV	[455-455]	455	1
COV	[458-458]	458	1
COV	[464-464]	464	1
COV	[465-465]	465	3
COV	[466-466]	466	2
COV	[468-468]	468	6
COV	[469-469]	469	2
COV	[470-470]	470	4
COV	[471-471]	471	9
COV	[476-476]	476	2
COV	[479-479]	479	4
COV	[484-484]	484	3
COV	[486-486]	486	18
COV	[491-491]	491	1
COV	[492-492]	492	2
COV	[493-493]	493	3
COV	[494-494]	494	3
COV	[495-495]	495	14
COV	[496-496]	496	75
COV	[519-519]	519	1
COV	[526-526]	526	1
COV	[527-527]	527	2
COV	[528-528]	528	1
COV	[531-531]	531	3
COV	[542-542]	542	1
COV	[544-544]	544	4
COV	[545-545]	545	1
COV	[546-546]	546	8
COV	[547-547]	547	18
COV	[548-548]	548	21
COV	[566-566]	566	1
COV	[567-567]	567	2
COV	[568-568]	568	11
COV	[569-569]	569	3
COV	[570-570]	570	2
COV	[571-571]	571	8
COV	[572-572]	572	15
COV	[585-585]	585	1
COV	[595-595]	595	1
COV	[596-596]	596	1
COV	[599-599]	599	1
COV	[603-603]	603	1
COV	[604-604]	604	3
COV	[615-615]	615	1
COV	[624-624]	624	1
COV	[634-634]	634	1
COV	[636-636]	636	1
COV	[640-640]	640	1
COV	[663-663]	663	1
COV	[696-696]	696	1
COV	[706-706]	706	1
COV	[709-709]	709	1
COV	[716-716]	716	1
COV	[717-717]	717	1
COV	[720-720]	720	1
COV	[727-727]	727	1
COV	[731-731]	731	1
COV	[738-738]	738	1
COV	[740-740]	740	2
COV	[744-744]	744	1
COV	[746-746]	746	1
COV	[747-747]	747	2
COV	[748-748]	748	1
COV	[758-758]	758	3
COV	[761-761]	761	1
COV	[764-764]	764	1
COV	[765-765]	765	1
COV	[767-767]	767	1
COV	[769-769]	769	2
COV	[771-771]	771	2
COV	[772-772]	772	1
COV	[773-773]	773	1
COV	[776-776]	776	2
COV	[788-788]	788	3
COV	[789-789]	789	1
COV	[798-798]	798	2
COV	[811-811]	811	1
COV	[819-819]	819	1
COV	[825-825]	825	1
COV	[857-857]	857	1
COV	[873-873]	873	1
COV	[876-876]	876	1
COV	[934-934]	934	1
COV	[977-977]	977	1
COV	[982-982]	982	2
COV	[1000<]	1000	1531
# GC-depth. Use `grep ^GCD | cut -f 2-` to extract this part. The columns are: GC%, unique sequence percentiles, 10th, 25th, 50th, 75th and 90th depth percentile
GCD	0.0	0.733	0.000	0.000	0.000	0.000	0.000
GCD	2.2	1.099	0.025	0.025	0.025	0.025	0.025
GCD	38.0	1.465	0.807	0.807	0.807	0.807	0.807
GCD	39.0	1.832	0.620	0.620	0.620	0.620	0.620
GCD	40.0	2.198	0.025	0.025	0.025	0.025	0.025
GCD	41.0	2.930	0.037	0.037	0.056	0.074	0.074
GCD	42.0	4.029	0.012	0.012	0.025	0.037	0.037
GCD	43.0	5.495	0.037	0.043	0.068	1.145	1.502
GCD	44.0	7.326	0.012	0.019	0.025	0.130	0.211
GCD	45.0	10.256	0.012	0.016	0.043	0.555	172.797
GCD	46.0	14.286	0.012	0.012	0.074	0.112	1.576
GCD	47.0	17.582	0.012	0.025	0.062	0.112	0.633
GCD	48.0	24.908	0.012	0.016	0.062	0.188	0.374
GCD	49.0	28.938	0.012	0.099	0.372	1.160	2.219
GCD	50.0	36.264	0.012	0.040	0.316	1.275	3.362
GCD	51.0	43.590	0.014	0.074	0.161	0.521	2.713
GCD	52.0	51.282	0.020	0.043	0.149	0.329	1.114
GCD	53.0	58.608	0.012	0.065	0.230	0.568	30.885
GCD	54.0	66.300	0.015	0.074	0.236	0.540	1.124
GCD	55.0	68.498	0.012	0.012	0.143	0.338	0.385
GCD	56.0	73.993	0.012	0.074	0.323	0.683	1.229
GCD	57.0	78.755	0.038	0.099	0.161	0.329	1.792
GCD	58.0	83.516	0.060	0.093	0.124	0.372	0.655
GCD	59.0	87.546	0.077	0.087	0.112	0.410	1.078
GCD	60.0	90.842	0.074	0.130	0.236	0.887	1.291
GCD	61.0	92.674	0.006	0.009	0.261	0.794	1.005
GCD	62.0	94.505	0.050	0.068	0.137	0.614	0.881
GCD	63.0	96.337	0.006	0.028	0.062	0.099	0.124
GCD	64.0	97.070	1.576	1.576	5.445	9.314	9.314
GCD	65.0	98.168	0.236	0.236	0.645	7.489	7.489
GCD	66.0	98.901	0.099	0.099	0.124	0.149	0.149
GCD	67.0	99.634	0.012	0.012	0.031	0.050	0.050
GCD	68.0	100.000	0.062	0.062	0.062	0.062	0.062
